-9.727466108290652613e+00
-1.111376046941054341e+01
-6.208485690972114668e+00
-1.042061328885059801e+01
-1.111376046941054341e+01
-1.111376046941054341e+01
-1.111376046941054341e+01
-6.694919861613946033e+00
-1.001514818074243429e+01
-1.111376046941054341e+01
-1.111376046941054341e+01
-1.111376046941054341e+01
-5.507958403114546542e+00
-1.111376046941054341e+01
-1.111376046941054341e+01
-1.111376046941054341e+01
-1.042061328885059801e+01
-1.042061328885059801e+01
-1.111376046941054341e+01
-9.727466108290652613e+00
-1.111376046941054341e+01
-1.111376046941054341e+01
-1.111376046941054341e+01
-1.042061328885059801e+01
-1.111376046941054341e+01
-1.111376046941054341e+01
-1.111376046941054341e+01
-1.042061328885059801e+01
-1.111376046941054341e+01
-1.111376046941054341e+01
-1.042061328885059801e+01
-1.111376046941054341e+01
-1.042061328885059801e+01
-1.111376046941054341e+01
-1.111376046941054341e+01
-9.504322556976443792e+00
-1.111376046941054341e+01
-1.111376046941054341e+01
-1.111376046941054341e+01
-1.111376046941054341e+01
-1.042061328885059801e+01
-1.111376046941054341e+01
-9.322001000182488895e+00
-1.111376046941054341e+01
-1.111376046941054341e+01
-1.111376046941054341e+01
-9.727466108290652613e+00
-1.111376046941054341e+01
-1.001514818074243429e+01
-1.042061328885059801e+01
-1.111376046941054341e+01
-1.111376046941054341e+01
-1.111376046941054341e+01
-1.042061328885059801e+01
-1.042061328885059801e+01
-1.001514818074243429e+01
-1.111376046941054341e+01
-1.111376046941054341e+01
-9.167850320355229954e+00
-1.111376046941054341e+01
-9.322001000182488895e+00
-1.042061328885059801e+01
-1.111376046941054341e+01
-1.111376046941054341e+01
-1.111376046941054341e+01
-1.111376046941054341e+01
-1.111376046941054341e+01
-1.111376046941054341e+01
-1.042061328885059801e+01
-1.111376046941054341e+01
-1.111376046941054341e+01
-1.042061328885059801e+01
-1.111376046941054341e+01
-1.111376046941054341e+01
-1.042061328885059801e+01
-4.558403577599879242e+00
-1.042061328885059801e+01
-1.111376046941054341e+01
-1.111376046941054341e+01
-1.042061328885059801e+01
-1.111376046941054341e+01
-1.111376046941054341e+01
-1.111376046941054341e+01
-1.111376046941054341e+01
-1.001514818074243429e+01
-1.111376046941054341e+01
-1.111376046941054341e+01
-7.376090851127175441e+00
-8.280547125354328131e+00
-9.322001000182488895e+00
-1.042061328885059801e+01
-7.935706639062598100e+00
-9.727466108290652613e+00
-1.111376046941054341e+01
-1.042061328885059801e+01
-1.111376046941054341e+01
-1.111376046941054341e+01
-1.111376046941054341e+01
-1.111376046941054341e+01
-1.111376046941054341e+01
-1.111376046941054341e+01
-1.111376046941054341e+01
-1.111376046941054341e+01
-1.042061328885059801e+01
-7.019415907188442993e+00
-1.111376046941054341e+01
-1.042061328885059801e+01
-1.111376046941054341e+01
-1.042061328885059801e+01
-1.111376046941054341e+01
-7.894884644542343288e+00
-1.042061328885059801e+01
-1.111376046941054341e+01
-1.111376046941054341e+01
-1.111376046941054341e+01
-1.111376046941054341e+01
-1.111376046941054341e+01
-1.001514818074243429e+01
-1.111376046941054341e+01
-1.111376046941054341e+01
-1.111376046941054341e+01
-4.995663271369195968e+00
-1.042061328885059801e+01
-1.111376046941054341e+01
-1.111376046941054341e+01
-1.111376046941054341e+01
-1.111376046941054341e+01
-1.001514818074243429e+01
-1.111376046941054341e+01
-1.111376046941054341e+01
-1.042061328885059801e+01
-1.042061328885059801e+01
-1.111376046941054341e+01
-1.111376046941054341e+01
-1.111376046941054341e+01
-1.111376046941054341e+01
-1.001514818074243429e+01
-1.001514818074243429e+01
-1.111376046941054341e+01
-1.042061328885059801e+01
-1.042061328885059801e+01
-1.042061328885059801e+01
-1.042061328885059801e+01
-1.042061328885059801e+01
-1.111376046941054341e+01
-1.042061328885059801e+01
-9.167850320355229954e+00
-1.111376046941054341e+01
-1.111376046941054341e+01
-1.111376046941054341e+01
-1.042061328885059801e+01
-1.111376046941054341e+01
-1.111376046941054341e+01
-1.111376046941054341e+01
-1.111376046941054341e+01
-1.111376046941054341e+01
-1.111376046941054341e+01
-1.111376046941054341e+01
-1.111376046941054341e+01
-1.111376046941054341e+01
-1.042061328885059801e+01
-1.111376046941054341e+01
-1.042061328885059801e+01
-1.111376046941054341e+01
-1.111376046941054341e+01
-1.111376046941054341e+01
-9.167850320355229954e+00
-1.111376046941054341e+01
-1.111376046941054341e+01
-9.504322556976443792e+00
-1.042061328885059801e+01
-1.111376046941054341e+01
-1.111376046941054341e+01
-7.106427284178073123e+00
-1.111376046941054341e+01
-1.111376046941054341e+01
-1.111376046941054341e+01
-1.042061328885059801e+01
-1.111376046941054341e+01
-1.111376046941054341e+01
-1.042061328885059801e+01
-1.001514818074243429e+01
-1.111376046941054341e+01
-1.111376046941054341e+01
-1.111376046941054341e+01
-1.042061328885059801e+01
-1.111376046941054341e+01
-1.111376046941054341e+01
-9.322001000182488895e+00
-1.111376046941054341e+01
-1.111376046941054341e+01
-1.111376046941054341e+01
-1.111376046941054341e+01
-8.811175376416498395e+00
-1.111376046941054341e+01
-1.111376046941054341e+01
-1.111376046941054341e+01
-1.111376046941054341e+01
-1.111376046941054341e+01
-1.111376046941054341e+01
-7.424881015296607600e+00
-1.042061328885059801e+01
-7.894884644542343288e+00
-1.111376046941054341e+01
-1.111376046941054341e+01
-1.111376046941054341e+01
-1.042061328885059801e+01
-1.111376046941054341e+01
-1.111376046941054341e+01
-9.504322556976443792e+00
-1.111376046941054341e+01
-1.111376046941054341e+01
-1.111376046941054341e+01
-1.042061328885059801e+01
-9.727466108290652613e+00
-1.042061328885059801e+01
-1.042061328885059801e+01
-1.001514818074243429e+01
-8.916535892074325176e+00
-1.111376046941054341e+01
-9.167850320355229954e+00
-1.042061328885059801e+01
-9.322001000182488895e+00
-1.111376046941054341e+01
-1.111376046941054341e+01
-1.042061328885059801e+01
-9.727466108290652613e+00
-1.111376046941054341e+01
-1.111376046941054341e+01
-1.042061328885059801e+01
-8.715865196612172738e+00
-1.111376046941054341e+01
-1.111376046941054341e+01
-1.042061328885059801e+01
-1.111376046941054341e+01
-1.111376046941054341e+01
-1.111376046941054341e+01
-1.111376046941054341e+01
-1.111376046941054341e+01
-9.034318927730707216e+00
-1.042061328885059801e+01
-1.111376046941054341e+01
-1.042061328885059801e+01
-1.001514818074243429e+01
-1.111376046941054341e+01
-1.001514818074243429e+01
-1.001514818074243429e+01
-1.111376046941054341e+01
-1.111376046941054341e+01
-1.042061328885059801e+01
-1.111376046941054341e+01
-1.111376046941054341e+01
-1.042061328885059801e+01
-9.034318927730707216e+00
-1.111376046941054341e+01
-1.111376046941054341e+01
-1.042061328885059801e+01
-1.111376046941054341e+01
-1.111376046941054341e+01
-1.042061328885059801e+01
-1.111376046941054341e+01
-7.476174309684158636e+00
-1.111376046941054341e+01
-1.111376046941054341e+01
-1.111376046941054341e+01
-1.111376046941054341e+01
-1.111376046941054341e+01
-1.111376046941054341e+01
-1.001514818074243429e+01
-1.042061328885059801e+01
-1.111376046941054341e+01
-5.184171326020649673e+00
-1.042061328885059801e+01
-1.042061328885059801e+01
-1.001514818074243429e+01
-1.111376046941054341e+01
-1.042061328885059801e+01
-1.001514818074243429e+01
-1.111376046941054341e+01
-1.111376046941054341e+01
-1.111376046941054341e+01
-1.111376046941054341e+01
-1.111376046941054341e+01
-1.111376046941054341e+01
-1.111376046941054341e+01
-1.111376046941054341e+01
-9.504322556976443792e+00
-1.111376046941054341e+01
-1.111376046941054341e+01
-1.111376046941054341e+01
-1.042061328885059801e+01
-1.042061328885059801e+01
-1.111376046941054341e+01
-1.001514818074243429e+01
-1.042061328885059801e+01
-1.111376046941054341e+01
-1.111376046941054341e+01
-1.111376046941054341e+01
-1.111376046941054341e+01
-1.111376046941054341e+01
-9.504322556976443792e+00
-1.042061328885059801e+01
-9.727466108290652613e+00
-1.042061328885059801e+01
-1.111376046941054341e+01
-1.111376046941054341e+01
-1.111376046941054341e+01
-1.042061328885059801e+01
-1.111376046941054341e+01
-1.042061328885059801e+01
-1.111376046941054341e+01
-1.042061328885059801e+01
-1.111376046941054341e+01
-1.042061328885059801e+01
-6.215920669459632286e+00
-1.111376046941054341e+01
-1.111376046941054341e+01
-1.111376046941054341e+01
-9.504322556976443792e+00
-1.111376046941054341e+01
-9.504322556976443792e+00
-1.111376046941054341e+01
-1.111376046941054341e+01
-3.926103305295588264e+00
-1.111376046941054341e+01
-1.111376046941054341e+01
-1.111376046941054341e+01
-1.111376046941054341e+01
-1.001514818074243429e+01
-1.111376046941054341e+01
-1.111376046941054341e+01
-1.042061328885059801e+01
-1.042061328885059801e+01
-1.111376046941054341e+01
-1.111376046941054341e+01
-1.042061328885059801e+01
-1.111376046941054341e+01
-1.111376046941054341e+01
-1.111376046941054341e+01
-1.111376046941054341e+01
-9.727466108290652613e+00
-1.111376046941054341e+01
-5.015686187244303262e+00
-1.111376046941054341e+01
-7.088408778675394650e+00
-3.363145736640134942e+00
-9.727466108290652613e+00
-1.111376046941054341e+01
-1.111376046941054341e+01
-1.001514818074243429e+01
-1.042061328885059801e+01
-1.042061328885059801e+01
-1.111376046941054341e+01
-1.042061328885059801e+01
-1.111376046941054341e+01
-1.111376046941054341e+01
-1.111376046941054341e+01
-1.111376046941054341e+01
-1.042061328885059801e+01
-1.042061328885059801e+01
-1.111376046941054341e+01
-8.223388711514379779e+00
-1.111376046941054341e+01
-1.111376046941054341e+01
-1.111376046941054341e+01
-1.111376046941054341e+01
-1.001514818074243429e+01
-1.042061328885059801e+01
-1.001514818074243429e+01
-1.042061328885059801e+01
-1.111376046941054341e+01
-1.111376046941054341e+01
-1.111376046941054341e+01
-8.405710268308334676e+00
-9.727466108290652613e+00
-1.042061328885059801e+01
-1.042061328885059801e+01
-1.111376046941054341e+01
-1.111376046941054341e+01
-1.111376046941054341e+01
-1.111376046941054341e+01
-1.111376046941054341e+01
-1.111376046941054341e+01
-1.111376046941054341e+01
-1.111376046941054341e+01
-1.111376046941054341e+01
-9.504322556976443792e+00
-1.111376046941054341e+01
-1.042061328885059801e+01
-1.111376046941054341e+01
-1.111376046941054341e+01
-1.111376046941054341e+01
-1.111376046941054341e+01
-1.001514818074243429e+01
-1.111376046941054341e+01
-1.111376046941054341e+01
-1.111376046941054341e+01
-1.111376046941054341e+01
-1.042061328885059801e+01
-1.042061328885059801e+01
-1.111376046941054341e+01
-1.111376046941054341e+01
-1.042061328885059801e+01
-5.290714573927525421e+00
-1.111376046941054341e+01
-1.111376046941054341e+01
-1.111376046941054341e+01
-1.111376046941054341e+01
-1.042061328885059801e+01
-1.042061328885059801e+01
-1.111376046941054341e+01
-1.042061328885059801e+01
-1.111376046941054341e+01
-9.504322556976443792e+00
-1.111376046941054341e+01
-1.111376046941054341e+01
-1.111376046941054341e+01
-1.111376046941054341e+01
-1.042061328885059801e+01
-1.111376046941054341e+01
-1.001514818074243429e+01
-1.001514818074243429e+01
-1.111376046941054341e+01
-1.111376046941054341e+01
-1.111376046941054341e+01
-1.042061328885059801e+01
-1.042061328885059801e+01
-1.111376046941054341e+01
-1.001514818074243429e+01
-9.727466108290652613e+00
-1.111376046941054341e+01
-1.111376046941054341e+01
-9.504322556976443792e+00
-1.111376046941054341e+01
-1.111376046941054341e+01
-8.405710268308334676e+00
-6.109814163465085102e+00
-1.001514818074243429e+01
-1.111376046941054341e+01
-1.042061328885059801e+01
-1.111376046941054341e+01
-1.111376046941054341e+01
-1.111376046941054341e+01
-1.111376046941054341e+01
-1.042061328885059801e+01
-1.042061328885059801e+01
-9.727466108290652613e+00
-1.111376046941054341e+01
-1.042061328885059801e+01
-1.111376046941054341e+01
-1.111376046941054341e+01
-5.684414840456103235e+00
-1.111376046941054341e+01
-6.602900962893693659e+00
-1.111376046941054341e+01
-1.111376046941054341e+01
-1.111376046941054341e+01
-1.042061328885059801e+01
-1.111376046941054341e+01
-1.111376046941054341e+01
-1.001514818074243429e+01
-1.042061328885059801e+01
-1.111376046941054341e+01
-1.111376046941054341e+01
-1.111376046941054341e+01
-9.727466108290652613e+00
-1.111376046941054341e+01
-1.111376046941054341e+01
-1.111376046941054341e+01
-1.111376046941054341e+01
-1.042061328885059801e+01
-1.111376046941054341e+01
-1.111376046941054341e+01
-1.111376046941054341e+01
-1.042061328885059801e+01
-1.042061328885059801e+01
-1.111376046941054341e+01
-1.111376046941054341e+01
-1.111376046941054341e+01
-1.111376046941054341e+01
-1.001514818074243429e+01
-1.042061328885059801e+01
-1.111376046941054341e+01
-1.042061328885059801e+01
-1.042061328885059801e+01
-8.341171747170761819e+00
-9.727466108290652613e+00
-1.042061328885059801e+01
-1.111376046941054341e+01
-1.042061328885059801e+01
-1.042061328885059801e+01
-1.111376046941054341e+01
-1.111376046941054341e+01
-1.111376046941054341e+01
-1.111376046941054341e+01
-1.042061328885059801e+01
-1.042061328885059801e+01
-1.042061328885059801e+01
-1.111376046941054341e+01
-1.042061328885059801e+01
-1.111376046941054341e+01
-1.042061328885059801e+01
-1.111376046941054341e+01
-1.042061328885059801e+01
-2.144503770445314872e-01
-6.431629242286324377e+00
-1.111376046941054341e+01
-1.001514818074243429e+01
-1.111376046941054341e+01
-1.111376046941054341e+01
-1.111376046941054341e+01
-9.727466108290652613e+00
-6.130153847702207948e+00
-1.111376046941054341e+01
-1.111376046941054341e+01
-8.405710268308334676e+00
-1.042061328885059801e+01
-9.727466108290652613e+00
-1.111376046941054341e+01
-1.042061328885059801e+01
-1.042061328885059801e+01
-1.042061328885059801e+01
-1.042061328885059801e+01
-1.111376046941054341e+01
-1.042061328885059801e+01
-1.111376046941054341e+01
-1.001514818074243429e+01
-1.111376046941054341e+01
-1.111376046941054341e+01
-1.111376046941054341e+01
-1.042061328885059801e+01
-1.111376046941054341e+01
-1.111376046941054341e+01
-1.001514818074243429e+01
-1.042061328885059801e+01
-1.111376046941054341e+01
-1.111376046941054341e+01
-1.111376046941054341e+01
-1.111376046941054341e+01
-1.111376046941054341e+01
-1.042061328885059801e+01
-1.111376046941054341e+01
-1.111376046941054341e+01
-1.111376046941054341e+01
-1.111376046941054341e+01
-1.042061328885059801e+01
-1.111376046941054341e+01
-1.111376046941054341e+01
-1.042061328885059801e+01
-1.042061328885059801e+01
-1.111376046941054341e+01
-1.111376046941054341e+01
-1.111376046941054341e+01
-1.111376046941054341e+01
-1.111376046941054341e+01
-8.628853819622543497e+00
-1.111376046941054341e+01
-1.111376046941054341e+01
-1.111376046941054341e+01
-7.855663931389061716e+00
-1.111376046941054341e+01
-1.111376046941054341e+01
-1.111376046941054341e+01
-1.042061328885059801e+01
-1.111376046941054341e+01
-1.111376046941054341e+01
-1.111376046941054341e+01
-1.042061328885059801e+01
-1.111376046941054341e+01
-1.111376046941054341e+01
-1.111376046941054341e+01
-9.322001000182488895e+00
-1.111376046941054341e+01
-1.111376046941054341e+01
-1.042061328885059801e+01
-1.111376046941054341e+01
-1.111376046941054341e+01
-1.111376046941054341e+01
-9.727466108290652613e+00
-1.111376046941054341e+01
-1.042061328885059801e+01
-1.042061328885059801e+01
-1.111376046941054341e+01
-9.504322556976443792e+00
-8.916535892074325176e+00
-7.817923603406215172e+00
-1.111376046941054341e+01
-1.111376046941054341e+01
-1.111376046941054341e+01
-1.111376046941054341e+01
-1.111376046941054341e+01
-1.111376046941054341e+01
-1.042061328885059801e+01
-1.111376046941054341e+01
-1.042061328885059801e+01
-1.111376046941054341e+01
-1.111376046941054341e+01
-1.111376046941054341e+01
-9.322001000182488895e+00
-1.111376046941054341e+01
-1.111376046941054341e+01
-1.042061328885059801e+01
-1.111376046941054341e+01
-1.111376046941054341e+01
-9.727466108290652613e+00
-9.504322556976443792e+00
-1.111376046941054341e+01
-1.111376046941054341e+01
-1.111376046941054341e+01
-1.111376046941054341e+01
-1.001514818074243429e+01
-1.111376046941054341e+01
-1.111376046941054341e+01
-1.111376046941054341e+01
-1.111376046941054341e+01
-1.111376046941054341e+01
-1.111376046941054341e+01
-9.167850320355229954e+00
-1.111376046941054341e+01
-1.111376046941054341e+01
-1.111376046941054341e+01
-1.042061328885059801e+01
-1.111376046941054341e+01
-1.111376046941054341e+01
-1.111376046941054341e+01
-1.111376046941054341e+01
-1.111376046941054341e+01
-1.111376046941054341e+01
-1.111376046941054341e+01
-6.498639952569284617e+00
-1.111376046941054341e+01
-1.111376046941054341e+01
-1.042061328885059801e+01
-1.111376046941054341e+01
-1.111376046941054341e+01
-1.111376046941054341e+01
-1.001514818074243429e+01
-1.111376046941054341e+01
-1.042061328885059801e+01
-1.111376046941054341e+01
-1.111376046941054341e+01
-1.111376046941054341e+01
-1.001514818074243429e+01
-1.111376046941054341e+01
-1.111376046941054341e+01
-1.111376046941054341e+01
-1.042061328885059801e+01
-1.111376046941054341e+01
-1.042061328885059801e+01
-1.111376046941054341e+01
-1.111376046941054341e+01
-1.042061328885059801e+01
-1.042061328885059801e+01
-1.001514818074243429e+01
-1.042061328885059801e+01
-1.111376046941054341e+01
-1.111376046941054341e+01
-1.111376046941054341e+01
-1.111376046941054341e+01
-1.042061328885059801e+01
-1.111376046941054341e+01
-1.111376046941054341e+01
-9.727466108290652613e+00
-8.341171747170761819e+00
-9.727466108290652613e+00
-1.042061328885059801e+01
-9.727466108290652613e+00
-1.111376046941054341e+01
-9.727466108290652613e+00
-1.111376046941054341e+01
-1.111376046941054341e+01
-1.111376046941054341e+01
-1.042061328885059801e+01
-1.111376046941054341e+01
-1.042061328885059801e+01
-1.111376046941054341e+01
-1.111376046941054341e+01
-1.042061328885059801e+01
-9.727466108290652613e+00
-1.001514818074243429e+01
-1.111376046941054341e+01
-1.111376046941054341e+01
-1.001514818074243429e+01
-1.111376046941054341e+01
-1.111376046941054341e+01
-1.111376046941054341e+01
-1.042061328885059801e+01
-8.405710268308334676e+00
-1.111376046941054341e+01
-1.042061328885059801e+01
-1.111376046941054341e+01
-1.042061328885059801e+01
-1.111376046941054341e+01
-9.727466108290652613e+00
-1.111376046941054341e+01
-1.111376046941054341e+01
-1.111376046941054341e+01
-1.111376046941054341e+01
-1.111376046941054341e+01
-1.111376046941054341e+01
-1.111376046941054341e+01
-1.042061328885059801e+01
-1.042061328885059801e+01
-1.042061328885059801e+01
-1.042061328885059801e+01
-1.111376046941054341e+01
-1.111376046941054341e+01
-1.042061328885059801e+01
-1.042061328885059801e+01
-9.727466108290652613e+00
-1.042061328885059801e+01
-1.111376046941054341e+01
-1.111376046941054341e+01
-1.111376046941054341e+01
-1.042061328885059801e+01
-1.001514818074243429e+01
-1.111376046941054341e+01
-1.111376046941054341e+01
-9.727466108290652613e+00
-1.042061328885059801e+01
-1.001514818074243429e+01
-1.111376046941054341e+01
-1.111376046941054341e+01
-1.042061328885059801e+01
-9.322001000182488895e+00
-1.111376046941054341e+01
-1.111376046941054341e+01
-1.111376046941054341e+01
-1.111376046941054341e+01
-1.111376046941054341e+01
-1.042061328885059801e+01
-3.792571912671065526e+00
-1.111376046941054341e+01
-1.042061328885059801e+01
-1.042061328885059801e+01
-1.111376046941054341e+01
-1.111376046941054341e+01
-9.727466108290652613e+00
-1.111376046941054341e+01
-1.111376046941054341e+01
-1.111376046941054341e+01
-1.111376046941054341e+01
-1.111376046941054341e+01
-1.111376046941054341e+01
-1.111376046941054341e+01
-1.111376046941054341e+01
-1.111376046941054341e+01
-1.111376046941054341e+01
-1.042061328885059801e+01
-1.042061328885059801e+01
-1.111376046941054341e+01
-1.111376046941054341e+01
-1.001514818074243429e+01
-8.341171747170761819e+00
-9.727466108290652613e+00
-9.034318927730707216e+00
-1.111376046941054341e+01
-1.042061328885059801e+01
-1.111376046941054341e+01
-1.111376046941054341e+01
-1.042061328885059801e+01
-1.042061328885059801e+01
-1.042061328885059801e+01
-1.111376046941054341e+01
-1.111376046941054341e+01
-1.111376046941054341e+01
-1.001514818074243429e+01
-1.111376046941054341e+01
-1.111376046941054341e+01
-1.111376046941054341e+01
-1.001514818074243429e+01
-1.042061328885059801e+01
-1.111376046941054341e+01
-1.111376046941054341e+01
-1.001514818074243429e+01
-1.042061328885059801e+01
-1.111376046941054341e+01
-1.111376046941054341e+01
-1.111376046941054341e+01
-9.322001000182488895e+00
-1.001514818074243429e+01
-1.111376046941054341e+01
-1.111376046941054341e+01
-1.111376046941054341e+01
-1.111376046941054341e+01
-1.111376046941054341e+01
-1.001514818074243429e+01
-8.022718016052227341e+00
-1.111376046941054341e+01
-9.322001000182488895e+00
-1.042061328885059801e+01
-1.111376046941054341e+01
-1.111376046941054341e+01
-1.111376046941054341e+01
-1.111376046941054341e+01
-1.111376046941054341e+01
-1.042061328885059801e+01
-1.111376046941054341e+01
-8.811175376416498395e+00
-9.504322556976443792e+00
-9.322001000182488895e+00
-1.111376046941054341e+01
-1.042061328885059801e+01
-1.111376046941054341e+01
-1.042061328885059801e+01
-1.111376046941054341e+01
-1.042061328885059801e+01
-1.001514818074243429e+01
-9.727466108290652613e+00
-1.001514818074243429e+01
-7.502842556766319504e+00
-1.111376046941054341e+01
-1.111376046941054341e+01
-9.727466108290652613e+00
-1.111376046941054341e+01
-1.111376046941054341e+01
-1.111376046941054341e+01
-9.504322556976443792e+00
-1.111376046941054341e+01
-1.042061328885059801e+01
-1.042061328885059801e+01
-1.111376046941054341e+01
-1.042061328885059801e+01
-1.111376046941054341e+01
-1.111376046941054341e+01
-1.111376046941054341e+01
-1.111376046941054341e+01
-1.111376046941054341e+01
-1.111376046941054341e+01
-1.042061328885059801e+01
-1.111376046941054341e+01
-8.223388711514379779e+00
-1.042061328885059801e+01
-1.042061328885059801e+01
-1.111376046941054341e+01
-1.111376046941054341e+01
-1.111376046941054341e+01
-1.111376046941054341e+01
-1.111376046941054341e+01
-9.322001000182488895e+00
-1.111376046941054341e+01
-1.111376046941054341e+01
-1.111376046941054341e+01
-1.111376046941054341e+01
-1.001514818074243429e+01
-1.042061328885059801e+01
-9.727466108290652613e+00
-1.111376046941054341e+01
-1.111376046941054341e+01
-1.111376046941054341e+01
-1.111376046941054341e+01
-1.111376046941054341e+01
-1.042061328885059801e+01
-9.727466108290652613e+00
-1.111376046941054341e+01
-1.111376046941054341e+01
-1.111376046941054341e+01
-1.111376046941054341e+01
-5.856265097382761908e+00
-8.811175376416498395e+00
-9.727466108290652613e+00
-1.111376046941054341e+01
-1.111376046941054341e+01
-1.042061328885059801e+01
-1.042061328885059801e+01
-1.111376046941054341e+01
-1.111376046941054341e+01
-1.111376046941054341e+01
-1.042061328885059801e+01
-9.727466108290652613e+00
-1.042061328885059801e+01
-1.111376046941054341e+01
-1.042061328885059801e+01
-1.111376046941054341e+01
-1.111376046941054341e+01
-8.118028195856552998e+00
-1.111376046941054341e+01
-1.111376046941054341e+01
-1.111376046941054341e+01
-1.111376046941054341e+01
-1.111376046941054341e+01
-9.322001000182488895e+00
-1.042061328885059801e+01
-1.111376046941054341e+01
-1.042061328885059801e+01
-1.111376046941054341e+01
-1.111376046941054341e+01
-1.111376046941054341e+01
-1.111376046941054341e+01
-1.111376046941054341e+01
-1.111376046941054341e+01
-9.504322556976443792e+00
-1.111376046941054341e+01
-1.042061328885059801e+01
-1.111376046941054341e+01
-1.042061328885059801e+01
-1.111376046941054341e+01
-7.746464639424069709e+00
-1.042061328885059801e+01
-1.111376046941054341e+01
-1.111376046941054341e+01
-1.111376046941054341e+01
-1.111376046941054341e+01
-1.111376046941054341e+01
-1.111376046941054341e+01
-1.111376046941054341e+01
-1.111376046941054341e+01
-7.648024566610817310e+00
-1.111376046941054341e+01
-1.111376046941054341e+01
-1.042061328885059801e+01
-1.111376046941054341e+01
-1.111376046941054341e+01
-1.111376046941054341e+01
-1.111376046941054341e+01
-1.042061328885059801e+01
-1.042061328885059801e+01
-1.111376046941054341e+01
-1.111376046941054341e+01
-1.111376046941054341e+01
-1.111376046941054341e+01
-1.111376046941054341e+01
-8.548811111949007113e+00
-1.111376046941054341e+01
-1.042061328885059801e+01
-1.111376046941054341e+01
-1.111376046941054341e+01
-1.111376046941054341e+01
-1.111376046941054341e+01
-1.111376046941054341e+01
-1.042061328885059801e+01
-1.111376046941054341e+01
-1.001514818074243429e+01
-1.111376046941054341e+01
-1.111376046941054341e+01
-9.727466108290652613e+00
-1.111376046941054341e+01
-1.111376046941054341e+01
-1.042061328885059801e+01
-1.001514818074243429e+01
-1.111376046941054341e+01
-9.167850320355229954e+00
-1.111376046941054341e+01
-8.280547125354328131e+00
-1.111376046941054341e+01
-1.111376046941054341e+01
-5.489742963223205763e+00
-1.111376046941054341e+01
-1.111376046941054341e+01
-1.111376046941054341e+01
-1.111376046941054341e+01
-1.111376046941054341e+01
-9.727466108290652613e+00
-1.042061328885059801e+01
-9.727466108290652613e+00
-8.916535892074325176e+00
-1.111376046941054341e+01
-1.111376046941054341e+01
-1.111376046941054341e+01
-1.042061328885059801e+01
-1.111376046941054341e+01
-1.111376046941054341e+01
-9.727466108290652613e+00
-1.042061328885059801e+01
-1.042061328885059801e+01
-1.111376046941054341e+01
-1.111376046941054341e+01
-1.111376046941054341e+01
-1.111376046941054341e+01
-1.111376046941054341e+01
-1.111376046941054341e+01
-8.022718016052227341e+00
-1.111376046941054341e+01
-1.042061328885059801e+01
-1.111376046941054341e+01
-1.111376046941054341e+01
-1.111376046941054341e+01
-1.111376046941054341e+01
-1.111376046941054341e+01
-1.042061328885059801e+01
-1.111376046941054341e+01
-1.042061328885059801e+01
-7.817923603406215172e+00
-1.111376046941054341e+01
-1.111376046941054341e+01
-1.111376046941054341e+01
-1.111376046941054341e+01
-1.111376046941054341e+01
-1.111376046941054341e+01
-9.727466108290652613e+00
-1.042061328885059801e+01
-1.111376046941054341e+01
-1.111376046941054341e+01
-1.111376046941054341e+01
-1.042061328885059801e+01
-1.111376046941054341e+01
-1.111376046941054341e+01
-1.111376046941054341e+01
-1.042061328885059801e+01
-1.042061328885059801e+01
-1.111376046941054341e+01
-7.424881015296607600e+00
-1.042061328885059801e+01
-1.111376046941054341e+01
-1.042061328885059801e+01
-1.111376046941054341e+01
-1.111376046941054341e+01
-1.111376046941054341e+01
-1.042061328885059801e+01
-1.111376046941054341e+01
-1.042061328885059801e+01
-1.111376046941054341e+01
-8.916535892074325176e+00
-1.111376046941054341e+01
-1.111376046941054341e+01
-1.111376046941054341e+01
-1.111376046941054341e+01
-1.111376046941054341e+01
-1.111376046941054341e+01
-1.111376046941054341e+01
-1.111376046941054341e+01
-1.111376046941054341e+01
-1.042061328885059801e+01
-1.111376046941054341e+01
-1.001514818074243429e+01
-1.111376046941054341e+01
-1.042061328885059801e+01
-1.111376046941054341e+01
-1.111376046941054341e+01
-1.111376046941054341e+01
-1.111376046941054341e+01
-1.042061328885059801e+01
-1.111376046941054341e+01
-1.042061328885059801e+01
-1.042061328885059801e+01
-9.167850320355229954e+00
-1.111376046941054341e+01
-8.118028195856552998e+00
-1.042061328885059801e+01
-1.111376046941054341e+01
-1.111376046941054341e+01
-1.111376046941054341e+01
-1.042061328885059801e+01
-8.916535892074325176e+00
-1.111376046941054341e+01
-1.111376046941054341e+01
-1.042061328885059801e+01
-1.111376046941054341e+01
-1.001514818074243429e+01
-1.111376046941054341e+01
-1.042061328885059801e+01
-1.111376046941054341e+01
-1.111376046941054341e+01
-1.111376046941054341e+01
-1.111376046941054341e+01
-1.111376046941054341e+01
-1.111376046941054341e+01
-1.111376046941054341e+01
-1.111376046941054341e+01
-1.042061328885059801e+01
-1.042061328885059801e+01
-1.111376046941054341e+01
-1.111376046941054341e+01
-8.548811111949007113e+00
-1.111376046941054341e+01
-1.111376046941054341e+01
-1.111376046941054341e+01
-1.042061328885059801e+01
-1.111376046941054341e+01
-1.042061328885059801e+01
-1.042061328885059801e+01
-1.111376046941054341e+01
-1.111376046941054341e+01
-1.111376046941054341e+01
-1.042061328885059801e+01
-1.042061328885059801e+01
-1.042061328885059801e+01
-9.504322556976443792e+00
-1.042061328885059801e+01
-1.111376046941054341e+01
-1.042061328885059801e+01
-1.111376046941054341e+01
-1.111376046941054341e+01
-9.322001000182488895e+00
-1.111376046941054341e+01
-1.042061328885059801e+01
-1.001514818074243429e+01
-1.042061328885059801e+01
-1.111376046941054341e+01
-1.111376046941054341e+01
-1.111376046941054341e+01
-1.111376046941054341e+01
-1.042061328885059801e+01
-1.042061328885059801e+01
-1.042061328885059801e+01
-1.001514818074243429e+01
-8.280547125354328131e+00
-1.111376046941054341e+01
-1.111376046941054341e+01
-1.042061328885059801e+01
-1.042061328885059801e+01
-1.111376046941054341e+01
-1.111376046941054341e+01
-1.042061328885059801e+01
-1.001514818074243429e+01
-1.042061328885059801e+01
-1.042061328885059801e+01
-8.405710268308334676e+00
-1.111376046941054341e+01
-1.111376046941054341e+01
-1.042061328885059801e+01
-1.042061328885059801e+01
-1.111376046941054341e+01
-1.111376046941054341e+01
-1.042061328885059801e+01
-1.111376046941054341e+01
-1.042061328885059801e+01
-1.001514818074243429e+01
-1.001514818074243429e+01
-1.111376046941054341e+01
-1.042061328885059801e+01
-9.504322556976443792e+00
-1.042061328885059801e+01
-1.111376046941054341e+01
-1.111376046941054341e+01
-1.111376046941054341e+01
-1.042061328885059801e+01
-1.111376046941054341e+01
-1.042061328885059801e+01
-1.111376046941054341e+01
-1.042061328885059801e+01
-1.111376046941054341e+01
-1.111376046941054341e+01
-1.111376046941054341e+01
-1.111376046941054341e+01
-1.111376046941054341e+01
-1.001514818074243429e+01
-9.727466108290652613e+00
-1.001514818074243429e+01
-1.042061328885059801e+01
-1.111376046941054341e+01
-1.111376046941054341e+01
-9.504322556976443792e+00
-1.111376046941054341e+01
-9.727466108290652613e+00
-1.111376046941054341e+01
-1.111376046941054341e+01
-1.111376046941054341e+01
-1.111376046941054341e+01
-9.322001000182488895e+00
-1.042061328885059801e+01
-9.727466108290652613e+00
-1.111376046941054341e+01
-1.111376046941054341e+01
-1.042061328885059801e+01
-1.111376046941054341e+01
-1.111376046941054341e+01
-1.111376046941054341e+01
-1.111376046941054341e+01
-1.111376046941054341e+01
-1.111376046941054341e+01
-1.111376046941054341e+01
-1.111376046941054341e+01
-9.504322556976443792e+00
-1.001514818074243429e+01
-1.111376046941054341e+01
-1.111376046941054341e+01
-1.111376046941054341e+01
-1.042061328885059801e+01
-1.042061328885059801e+01
-1.111376046941054341e+01
-1.111376046941054341e+01
-1.042061328885059801e+01
-8.715865196612172738e+00
-1.111376046941054341e+01
-1.042061328885059801e+01
-6.879653964813284617e+00
-1.111376046941054341e+01
-1.001514818074243429e+01
-1.042061328885059801e+01
-1.042061328885059801e+01
-1.111376046941054341e+01
-1.111376046941054341e+01
-1.042061328885059801e+01
-1.111376046941054341e+01
-1.111376046941054341e+01
-1.111376046941054341e+01
-1.111376046941054341e+01
-1.111376046941054341e+01
-1.111376046941054341e+01
-1.111376046941054341e+01
-1.111376046941054341e+01
-1.042061328885059801e+01
-1.042061328885059801e+01
-9.727466108290652613e+00
-1.111376046941054341e+01
-1.042061328885059801e+01
-1.001514818074243429e+01
-1.042061328885059801e+01
-1.111376046941054341e+01
-1.111376046941054341e+01
-1.111376046941054341e+01
-1.111376046941054341e+01
-1.111376046941054341e+01
-1.111376046941054341e+01
-9.727466108290652613e+00
-1.111376046941054341e+01
-1.042061328885059801e+01
-1.042061328885059801e+01
-1.042061328885059801e+01
-1.111376046941054341e+01
-1.111376046941054341e+01
-1.111376046941054341e+01
-1.111376046941054341e+01
-1.111376046941054341e+01
-1.042061328885059801e+01
-1.111376046941054341e+01
-1.111376046941054341e+01
-1.111376046941054341e+01
-1.042061328885059801e+01
-1.111376046941054341e+01
-9.034318927730707216e+00
-1.042061328885059801e+01
-1.111376046941054341e+01
-9.504322556976443792e+00
-1.111376046941054341e+01
-1.042061328885059801e+01
-1.111376046941054341e+01
-1.042061328885059801e+01
-1.042061328885059801e+01
-1.111376046941054341e+01
-1.111376046941054341e+01
-1.111376046941054341e+01
-1.111376046941054341e+01
-8.548811111949007113e+00
-9.322001000182488895e+00
-1.111376046941054341e+01
-1.042061328885059801e+01
-1.111376046941054341e+01
-1.111376046941054341e+01
-1.042061328885059801e+01
-1.042061328885059801e+01
-1.111376046941054341e+01
-1.042061328885059801e+01
-1.111376046941054341e+01
-9.034318927730707216e+00
-1.111376046941054341e+01
-1.111376046941054341e+01
-1.001514818074243429e+01
-1.111376046941054341e+01
-1.111376046941054341e+01
-8.811175376416498395e+00
-1.111376046941054341e+01
-9.727466108290652613e+00
-8.548811111949007113e+00
-1.042061328885059801e+01
-1.111376046941054341e+01
-1.042061328885059801e+01
-1.111376046941054341e+01
-1.111376046941054341e+01
-1.111376046941054341e+01
-1.111376046941054341e+01
-1.111376046941054341e+01
-1.111376046941054341e+01
-1.111376046941054341e+01
-1.111376046941054341e+01
-1.111376046941054341e+01
-1.042061328885059801e+01
-1.042061328885059801e+01
-1.111376046941054341e+01
-1.111376046941054341e+01
-7.424881015296607600e+00
-1.042061328885059801e+01
-1.111376046941054341e+01
-1.111376046941054341e+01
-1.111376046941054341e+01
-6.076807866996914775e+00
-1.111376046941054341e+01
-1.111376046941054341e+01
-1.042061328885059801e+01
-1.042061328885059801e+01
-9.504322556976443792e+00
-1.111376046941054341e+01
-1.111376046941054341e+01
-1.042061328885059801e+01
-1.042061328885059801e+01
-1.111376046941054341e+01
-1.111376046941054341e+01
-1.111376046941054341e+01
-1.111376046941054341e+01
-1.111376046941054341e+01
-1.042061328885059801e+01
-1.111376046941054341e+01
-1.042061328885059801e+01
-1.111376046941054341e+01
-1.001514818074243429e+01
-1.111376046941054341e+01
-1.111376046941054341e+01
-8.474703139795284557e+00
-1.111376046941054341e+01
-1.042061328885059801e+01
-1.111376046941054341e+01
-1.042061328885059801e+01
-1.111376046941054341e+01
-1.111376046941054341e+01
-1.111376046941054341e+01
-1.042061328885059801e+01
-1.001514818074243429e+01
-8.118028195856552998e+00
-9.727466108290652613e+00
-7.587399944794382733e+00
-1.042061328885059801e+01
-1.042061328885059801e+01
-1.111376046941054341e+01
-1.111376046941054341e+01
-1.042061328885059801e+01
-1.111376046941054341e+01
-1.111376046941054341e+01
-1.111376046941054341e+01
-1.111376046941054341e+01
-1.111376046941054341e+01
-1.042061328885059801e+01
-1.001514818074243429e+01
-1.111376046941054341e+01
-1.111376046941054341e+01
-1.111376046941054341e+01
-1.111376046941054341e+01
-1.042061328885059801e+01
-1.042061328885059801e+01
-1.042061328885059801e+01
-1.111376046941054341e+01
-1.111376046941054341e+01
-1.042061328885059801e+01
-1.111376046941054341e+01
-1.042061328885059801e+01
-1.111376046941054341e+01
-1.111376046941054341e+01
-1.111376046941054341e+01
-1.111376046941054341e+01
-1.111376046941054341e+01
-1.111376046941054341e+01
-1.111376046941054341e+01
-1.111376046941054341e+01
-1.111376046941054341e+01
-1.111376046941054341e+01
-1.111376046941054341e+01
-1.111376046941054341e+01
-1.111376046941054341e+01
-1.042061328885059801e+01
-9.322001000182488895e+00
-1.042061328885059801e+01
-1.042061328885059801e+01
-1.111376046941054341e+01
-9.167850320355229954e+00
-1.111376046941054341e+01
-1.042061328885059801e+01
-1.111376046941054341e+01
-1.042061328885059801e+01
-1.111376046941054341e+01
-1.111376046941054341e+01
-1.111376046941054341e+01
-1.111376046941054341e+01
-1.111376046941054341e+01
-1.111376046941054341e+01
-1.111376046941054341e+01
-1.042061328885059801e+01
-1.111376046941054341e+01
-7.502842556766319504e+00
-1.111376046941054341e+01
-9.727466108290652613e+00
-1.111376046941054341e+01
-1.111376046941054341e+01
-1.042061328885059801e+01
-1.111376046941054341e+01
-1.001514818074243429e+01
-1.042061328885059801e+01
-1.111376046941054341e+01
-1.042061328885059801e+01
-1.111376046941054341e+01
-1.111376046941054341e+01
-1.042061328885059801e+01
-1.111376046941054341e+01
-1.111376046941054341e+01
-1.111376046941054341e+01
-9.727466108290652613e+00
-1.111376046941054341e+01
-9.322001000182488895e+00
-1.111376046941054341e+01
-1.111376046941054341e+01
-9.727466108290652613e+00
-9.727466108290652613e+00
-1.001514818074243429e+01
-1.111376046941054341e+01
-8.474703139795284557e+00
-1.111376046941054341e+01
-1.111376046941054341e+01
-1.111376046941054341e+01
-7.679773264925398024e+00
-9.034318927730707216e+00
-7.400188402706236346e+00
-1.111376046941054341e+01
-1.111376046941054341e+01
-1.111376046941054341e+01
-1.111376046941054341e+01
-1.111376046941054341e+01
-9.727466108290652613e+00
-1.111376046941054341e+01
-1.042061328885059801e+01
-1.042061328885059801e+01
-1.111376046941054341e+01
-8.223388711514379779e+00
-1.111376046941054341e+01
-9.504322556976443792e+00
-1.042061328885059801e+01
-1.111376046941054341e+01
-1.111376046941054341e+01
-1.042061328885059801e+01
-1.111376046941054341e+01
-1.111376046941054341e+01
-1.111376046941054341e+01
-1.111376046941054341e+01
-6.172118046801239544e+00
-1.111376046941054341e+01
-9.322001000182488895e+00
-1.111376046941054341e+01
-1.111376046941054341e+01
-1.111376046941054341e+01
-1.111376046941054341e+01
-1.111376046941054341e+01
-1.111376046941054341e+01
-1.111376046941054341e+01
-1.111376046941054341e+01
-8.916535892074325176e+00
-1.111376046941054341e+01
-1.111376046941054341e+01
-1.111376046941054341e+01
-7.712563087748388391e+00
-1.111376046941054341e+01
-8.548811111949007113e+00
-1.111376046941054341e+01
-8.474703139795284557e+00
-1.111376046941054341e+01
-1.111376046941054341e+01
-1.111376046941054341e+01
-1.042061328885059801e+01
-1.111376046941054341e+01
-1.042061328885059801e+01
-1.111376046941054341e+01
-1.111376046941054341e+01
-1.111376046941054341e+01
-1.111376046941054341e+01
-1.111376046941054341e+01
-1.111376046941054341e+01
-1.111376046941054341e+01
-1.042061328885059801e+01
-1.111376046941054341e+01
-1.111376046941054341e+01
-1.042061328885059801e+01
-1.111376046941054341e+01
-1.111376046941054341e+01
-1.111376046941054341e+01
-1.111376046941054341e+01
-9.727466108290652613e+00
-8.916535892074325176e+00
-1.111376046941054341e+01
-1.111376046941054341e+01
-1.042061328885059801e+01
-9.504322556976443792e+00
-1.111376046941054341e+01
-1.001514818074243429e+01
-1.111376046941054341e+01
-1.111376046941054341e+01
-1.042061328885059801e+01
-1.111376046941054341e+01
-1.042061328885059801e+01
-1.111376046941054341e+01
-1.042061328885059801e+01
-1.042061328885059801e+01
-1.111376046941054341e+01
-1.111376046941054341e+01
-1.111376046941054341e+01
-1.111376046941054341e+01
-1.042061328885059801e+01
-1.111376046941054341e+01
-1.111376046941054341e+01
-1.001514818074243429e+01
-1.042061328885059801e+01
-1.111376046941054341e+01
-1.111376046941054341e+01
-5.252974245944677989e+00
-9.727466108290652613e+00
-9.034318927730707216e+00
-1.111376046941054341e+01
-1.001514818074243429e+01
-1.042061328885059801e+01
-1.001514818074243429e+01
-1.111376046941054341e+01
-1.111376046941054341e+01
-1.111376046941054341e+01
-1.111376046941054341e+01
-1.042061328885059801e+01
-1.111376046941054341e+01
-9.322001000182488895e+00
-1.042061328885059801e+01
-1.111376046941054341e+01
-1.111376046941054341e+01
-1.111376046941054341e+01
-1.042061328885059801e+01
-1.042061328885059801e+01
-1.111376046941054341e+01
-1.111376046941054341e+01
-1.111376046941054341e+01
-1.042061328885059801e+01
-1.111376046941054341e+01
-1.111376046941054341e+01
-1.042061328885059801e+01
-1.042061328885059801e+01
-1.042061328885059801e+01
-1.111376046941054341e+01
-1.042061328885059801e+01
-1.111376046941054341e+01
-8.811175376416498395e+00
-1.111376046941054341e+01
-1.111376046941054341e+01
-1.111376046941054341e+01
-1.111376046941054341e+01
-1.111376046941054341e+01
-1.042061328885059801e+01
-1.111376046941054341e+01
-1.111376046941054341e+01
-1.111376046941054341e+01
-1.042061328885059801e+01
-1.042061328885059801e+01
-1.042061328885059801e+01
-1.111376046941054341e+01
-1.111376046941054341e+01
-1.111376046941054341e+01
-1.042061328885059801e+01
-1.042061328885059801e+01
-1.111376046941054341e+01
-1.111376046941054341e+01
-1.111376046941054341e+01
-1.001514818074243429e+01
-1.111376046941054341e+01
-1.042061328885059801e+01
-1.111376046941054341e+01
-1.042061328885059801e+01
-1.111376046941054341e+01
-1.111376046941054341e+01
-1.042061328885059801e+01
-1.111376046941054341e+01
-9.727466108290652613e+00
-1.042061328885059801e+01
-1.111376046941054341e+01
-1.111376046941054341e+01
-1.111376046941054341e+01
-8.811175376416498395e+00
-1.001514818074243429e+01
-8.715865196612172738e+00
-1.042061328885059801e+01
-1.111376046941054341e+01
-1.111376046941054341e+01
-1.042061328885059801e+01
-1.042061328885059801e+01
-1.111376046941054341e+01
-8.280547125354328131e+00
-1.111376046941054341e+01
-1.111376046941054341e+01
-7.476174309684158636e+00
-1.111376046941054341e+01
-1.042061328885059801e+01
-1.111376046941054341e+01
-1.111376046941054341e+01
-1.111376046941054341e+01
-1.042061328885059801e+01
-8.548811111949007113e+00
-1.111376046941054341e+01
-1.111376046941054341e+01
-1.001514818074243429e+01
-1.042061328885059801e+01
-1.111376046941054341e+01
-1.111376046941054341e+01
-1.111376046941054341e+01
-1.111376046941054341e+01
-1.111376046941054341e+01
-1.111376046941054341e+01
-1.111376046941054341e+01
-1.111376046941054341e+01
-1.111376046941054341e+01
-1.042061328885059801e+01
-9.504322556976443792e+00
-1.111376046941054341e+01
-1.111376046941054341e+01
-1.111376046941054341e+01
-1.001514818074243429e+01
-9.167850320355229954e+00
-1.111376046941054341e+01
-1.042061328885059801e+01
-1.001514818074243429e+01
-1.042061328885059801e+01
-9.504322556976443792e+00
-1.111376046941054341e+01
-1.042061328885059801e+01
-1.042061328885059801e+01
-8.916535892074325176e+00
-1.111376046941054341e+01
-1.111376046941054341e+01
-1.111376046941054341e+01
-1.111376046941054341e+01
-1.111376046941054341e+01
-1.111376046941054341e+01
-1.111376046941054341e+01
-1.001514818074243429e+01
-1.111376046941054341e+01
-1.111376046941054341e+01
-1.111376046941054341e+01
-1.111376046941054341e+01
-5.781041676145174613e+00
-1.042061328885059801e+01
-1.111376046941054341e+01
-1.042061328885059801e+01
-1.111376046941054341e+01
-1.111376046941054341e+01
-1.111376046941054341e+01
-1.111376046941054341e+01
-1.111376046941054341e+01
-1.111376046941054341e+01
-1.111376046941054341e+01
-1.111376046941054341e+01
-1.111376046941054341e+01
-1.001514818074243429e+01
-1.111376046941054341e+01
-1.042061328885059801e+01
-1.042061328885059801e+01
-1.111376046941054341e+01
-1.111376046941054341e+01
-1.111376046941054341e+01
-1.111376046941054341e+01
-1.111376046941054341e+01
-1.111376046941054341e+01
-1.111376046941054341e+01
-1.111376046941054341e+01
-9.727466108290652613e+00
-1.111376046941054341e+01
-1.111376046941054341e+01
-1.111376046941054341e+01
-1.111376046941054341e+01
-1.042061328885059801e+01
-7.648024566610817310e+00
-1.042061328885059801e+01
-1.111376046941054341e+01
-1.111376046941054341e+01
-1.042061328885059801e+01
-1.042061328885059801e+01
-9.504322556976443792e+00
-1.042061328885059801e+01
-1.042061328885059801e+01
-1.111376046941054341e+01
-1.111376046941054341e+01
-8.069238031687120838e+00
-1.111376046941054341e+01
-1.111376046941054341e+01
-1.111376046941054341e+01
-1.111376046941054341e+01
-1.111376046941054341e+01
-9.034318927730707216e+00
-1.111376046941054341e+01
-1.111376046941054341e+01
-1.111376046941054341e+01
-9.504322556976443792e+00
-1.042061328885059801e+01
-1.111376046941054341e+01
-1.111376046941054341e+01
-8.474703139795284557e+00
-9.504322556976443792e+00
-9.504322556976443792e+00
-8.474703139795284557e+00
-1.111376046941054341e+01
-1.111376046941054341e+01
-1.111376046941054341e+01
-1.111376046941054341e+01
-9.504322556976443792e+00
-1.111376046941054341e+01
-1.042061328885059801e+01
-1.111376046941054341e+01
-1.111376046941054341e+01
-1.111376046941054341e+01
-1.111376046941054341e+01
-9.322001000182488895e+00
-1.001514818074243429e+01
-8.628853819622543497e+00
-1.111376046941054341e+01
-1.111376046941054341e+01
-1.111376046941054341e+01
-1.001514818074243429e+01
-1.001514818074243429e+01
-1.001514818074243429e+01
-1.111376046941054341e+01
-1.111376046941054341e+01
-1.111376046941054341e+01
-1.111376046941054341e+01
-6.879653964813284617e+00
-1.111376046941054341e+01
-1.111376046941054341e+01
-1.111376046941054341e+01
-1.042061328885059801e+01
-1.042061328885059801e+01
-1.042061328885059801e+01
-1.111376046941054341e+01
-1.111376046941054341e+01
-1.042061328885059801e+01
-1.111376046941054341e+01
-1.042061328885059801e+01
-1.111376046941054341e+01
-1.111376046941054341e+01
-1.042061328885059801e+01
-1.111376046941054341e+01
-1.111376046941054341e+01
-1.042061328885059801e+01
-1.111376046941054341e+01
-1.042061328885059801e+01
-1.111376046941054341e+01
-1.111376046941054341e+01
-1.042061328885059801e+01
-1.111376046941054341e+01
-1.042061328885059801e+01
-1.111376046941054341e+01
-1.042061328885059801e+01
-1.111376046941054341e+01
-1.042061328885059801e+01
-1.111376046941054341e+01
-8.474703139795284557e+00
-1.111376046941054341e+01
-1.042061328885059801e+01
-1.111376046941054341e+01
-1.111376046941054341e+01
-1.111376046941054341e+01
-1.111376046941054341e+01
-1.111376046941054341e+01
-1.111376046941054341e+01
-1.042061328885059801e+01
-1.111376046941054341e+01
-1.111376046941054341e+01
-1.111376046941054341e+01
-1.111376046941054341e+01
-8.811175376416498395e+00
-1.111376046941054341e+01
-1.111376046941054341e+01
-1.111376046941054341e+01
-1.111376046941054341e+01
-1.111376046941054341e+01
-1.111376046941054341e+01
-1.111376046941054341e+01
-7.935706639062598100e+00
-1.111376046941054341e+01
-1.111376046941054341e+01
-1.111376046941054341e+01
-1.042061328885059801e+01
-1.111376046941054341e+01
-1.042061328885059801e+01
-1.111376046941054341e+01
-1.042061328885059801e+01
-1.042061328885059801e+01
-1.111376046941054341e+01
-1.111376046941054341e+01
