-9.026597806026781967e+00
-9.026597806026781967e+00
-9.719744986586727364e+00
-9.719744986586727364e+00
-8.621132697918616472e+00
-7.927985517358671075e+00
-9.026597806026781967e+00
-8.110307074152625972e+00
-9.719744986586727364e+00
-9.026597806026781967e+00
-7.640303444906890284e+00
-9.026597806026781967e+00
-4.907560631214308522e+00
-8.333450625466836570e+00
-9.026597806026781967e+00
-9.026597806026781967e+00
-9.719744986586727364e+00
-9.719744986586727364e+00
-9.026597806026781967e+00
-9.719744986586727364e+00
-9.026597806026781967e+00
-7.522520409250507356e+00
-8.333450625466836570e+00
-9.719744986586727364e+00
-9.026597806026781967e+00
-7.640303444906890284e+00
-8.621132697918616472e+00
-9.719744986586727364e+00
-8.110307074152625972e+00
-9.026597806026781967e+00
-9.719744986586727364e+00
-9.026597806026781967e+00
-9.719744986586727364e+00
-9.026597806026781967e+00
-9.026597806026781967e+00
-9.719744986586727364e+00
-9.026597806026781967e+00
-8.333450625466836570e+00
-8.333450625466836570e+00
-9.026597806026781967e+00
-9.719744986586727364e+00
-8.621132697918616472e+00
-9.719744986586727364e+00
-8.621132697918616472e+00
-8.621132697918616472e+00
-8.621132697918616472e+00
-9.719744986586727364e+00
-8.621132697918616472e+00
-9.719744986586727364e+00
-9.719744986586727364e+00
-9.026597806026781967e+00
-9.026597806026781967e+00
-8.621132697918616472e+00
-9.719744986586727364e+00
-9.719744986586727364e+00
-9.719744986586727364e+00
-8.621132697918616472e+00
-9.026597806026781967e+00
-9.719744986586727364e+00
-7.773834837531413022e+00
-9.719744986586727364e+00
-9.719744986586727364e+00
-9.026597806026781967e+00
-9.026597806026781967e+00
-8.621132697918616472e+00
-9.026597806026781967e+00
-9.026597806026781967e+00
-9.026597806026781967e+00
-9.719744986586727364e+00
-8.621132697918616472e+00
-9.026597806026781967e+00
-9.719744986586727364e+00
-9.026597806026781967e+00
-9.026597806026781967e+00
-9.719744986586727364e+00
-6.724012713032735178e+00
-9.719744986586727364e+00
-9.026597806026781967e+00
-9.026597806026781967e+00
-9.719744986586727364e+00
-9.026597806026781967e+00
-8.621132697918616472e+00
-8.621132697918616472e+00
-9.026597806026781967e+00
-9.719744986586727364e+00
-9.026597806026781967e+00
-9.026597806026781967e+00
-7.773834837531413022e+00
-9.719744986586727364e+00
-9.719744986586727364e+00
-9.719744986586727364e+00
-9.026597806026781967e+00
-9.719744986586727364e+00
-9.026597806026781967e+00
-7.417159893592680575e+00
-8.333450625466836570e+00
-8.621132697918616472e+00
-9.026597806026781967e+00
-9.026597806026781967e+00
-8.621132697918616472e+00
-7.773834837531413022e+00
-9.026597806026781967e+00
-9.026597806026781967e+00
-9.719744986586727364e+00
-5.807721981158580071e+00
-7.927985517358671075e+00
-9.719744986586727364e+00
-9.026597806026781967e+00
-9.719744986586727364e+00
-9.026597806026781967e+00
-6.947156264346944887e+00
-9.719744986586727364e+00
-9.026597806026781967e+00
-9.026597806026781967e+00
-9.026597806026781967e+00
-9.026597806026781967e+00
-9.026597806026781967e+00
-9.719744986586727364e+00
-9.026597806026781967e+00
-9.026597806026781967e+00
-7.080687656971467625e+00
-9.026597806026781967e+00
-9.719744986586727364e+00
-9.026597806026781967e+00
-8.110307074152625972e+00
-9.026597806026781967e+00
-8.333450625466836570e+00
-9.719744986586727364e+00
-9.026597806026781967e+00
-9.026597806026781967e+00
-9.719744986586727364e+00
-8.333450625466836570e+00
-6.675222548863303906e+00
-9.026597806026781967e+00
-9.026597806026781967e+00
-9.026597806026781967e+00
-9.719744986586727364e+00
-9.026597806026781967e+00
-6.724012713032735178e+00
-9.719744986586727364e+00
-9.719744986586727364e+00
-9.719744986586727364e+00
-9.719744986586727364e+00
-9.719744986586727364e+00
-9.026597806026781967e+00
-9.719744986586727364e+00
-9.719744986586727364e+00
-9.026597806026781967e+00
-8.621132697918616472e+00
-8.333450625466836570e+00
-9.719744986586727364e+00
-8.621132697918616472e+00
-9.026597806026781967e+00
-9.026597806026781967e+00
-6.829373228690561959e+00
-9.026597806026781967e+00
-8.621132697918616472e+00
-9.026597806026781967e+00
-8.333450625466836570e+00
-9.026597806026781967e+00
-9.719744986586727364e+00
-9.026597806026781967e+00
-9.719744986586727364e+00
-9.026597806026781967e+00
-8.621132697918616472e+00
-8.621132697918616472e+00
-9.719744986586727364e+00
-8.621132697918616472e+00
-9.026597806026781967e+00
-9.719744986586727364e+00
-9.719744986586727364e+00
-9.026597806026781967e+00
-9.026597806026781967e+00
-7.417159893592680575e+00
-7.234838336798726566e+00
-9.026597806026781967e+00
-9.026597806026781967e+00
-9.719744986586727364e+00
-9.026597806026781967e+00
-8.621132697918616472e+00
-9.719744986586727364e+00
-9.719744986586727364e+00
-8.621132697918616472e+00
-9.026597806026781967e+00
-8.333450625466836570e+00
-9.719744986586727364e+00
-9.026597806026781967e+00
-7.640303444906890284e+00
-9.719744986586727364e+00
-9.026597806026781967e+00
-9.026597806026781967e+00
-8.621132697918616472e+00
-9.026597806026781967e+00
-9.719744986586727364e+00
-9.026597806026781967e+00
-8.621132697918616472e+00
-8.621132697918616472e+00
-8.621132697918616472e+00
-8.621132697918616472e+00
-9.026597806026781967e+00
-9.719744986586727364e+00
-9.719744986586727364e+00
-6.541691156238781168e+00
-8.621132697918616472e+00
-9.026597806026781967e+00
-9.026597806026781967e+00
-9.719744986586727364e+00
-9.026597806026781967e+00
-9.026597806026781967e+00
-9.719744986586727364e+00
-7.773834837531413022e+00
-8.110307074152625972e+00
-9.026597806026781967e+00
-9.719744986586727364e+00
-9.719744986586727364e+00
-9.719744986586727364e+00
-9.719744986586727364e+00
-9.719744986586727364e+00
-8.621132697918616472e+00
-9.026597806026781967e+00
-6.947156264346944887e+00
-9.719744986586727364e+00
-9.719744986586727364e+00
-9.026597806026781967e+00
-9.026597806026781967e+00
-9.719744986586727364e+00
-9.719744986586727364e+00
-8.621132697918616472e+00
-9.026597806026781967e+00
-9.719744986586727364e+00
-9.719744986586727364e+00
-9.026597806026781967e+00
-7.927985517358671075e+00
-9.719744986586727364e+00
-9.026597806026781967e+00
-9.026597806026781967e+00
-8.621132697918616472e+00
-9.026597806026781967e+00
-9.026597806026781967e+00
-9.719744986586727364e+00
-9.719744986586727364e+00
-7.640303444906890284e+00
-9.719744986586727364e+00
-9.719744986586727364e+00
-9.026597806026781967e+00
-8.333450625466836570e+00
-9.719744986586727364e+00
-8.621132697918616472e+00
-9.026597806026781967e+00
-9.719744986586727364e+00
-9.026597806026781967e+00
-9.026597806026781967e+00
-9.719744986586727364e+00
-8.333450625466836570e+00
-8.333450625466836570e+00
-7.927985517358671075e+00
-9.719744986586727364e+00
-9.026597806026781967e+00
-9.026597806026781967e+00
-9.719744986586727364e+00
-9.026597806026781967e+00
-9.719744986586727364e+00
-7.522520409250507356e+00
-9.026597806026781967e+00
-8.621132697918616472e+00
-9.026597806026781967e+00
-8.621132697918616472e+00
-9.026597806026781967e+00
-9.719744986586727364e+00
-9.719744986586727364e+00
-9.026597806026781967e+00
-7.640303444906890284e+00
-9.719744986586727364e+00
-9.719744986586727364e+00
-9.719744986586727364e+00
-9.026597806026781967e+00
-9.719744986586727364e+00
-9.719744986586727364e+00
-8.333450625466836570e+00
-8.621132697918616472e+00
-9.026597806026781967e+00
-9.026597806026781967e+00
-9.026597806026781967e+00
-9.026597806026781967e+00
-9.026597806026781967e+00
-9.026597806026781967e+00
-9.719744986586727364e+00
-8.621132697918616472e+00
-9.026597806026781967e+00
-8.621132697918616472e+00
-9.719744986586727364e+00
-9.719744986586727364e+00
-9.026597806026781967e+00
-9.719744986586727364e+00
-9.719744986586727364e+00
-8.621132697918616472e+00
-9.026597806026781967e+00
-9.026597806026781967e+00
-9.026597806026781967e+00
-9.026597806026781967e+00
-9.719744986586727364e+00
-7.417159893592680575e+00
-9.719744986586727364e+00
-9.719744986586727364e+00
-9.026597806026781967e+00
-7.927985517358671075e+00
-9.026597806026781967e+00
-9.719744986586727364e+00
-8.621132697918616472e+00
-9.719744986586727364e+00
-7.773834837531413022e+00
-9.719744986586727364e+00
-9.026597806026781967e+00
-9.719744986586727364e+00
-7.927985517358671075e+00
-9.026597806026781967e+00
-9.026597806026781967e+00
-9.026597806026781967e+00
-9.719744986586727364e+00
-9.026597806026781967e+00
-9.719744986586727364e+00
-9.026597806026781967e+00
-9.026597806026781967e+00
-4.056784506450780370e+00
-9.026597806026781967e+00
-8.621132697918616472e+00
-9.026597806026781967e+00
-8.621132697918616472e+00
-9.719744986586727364e+00
-8.333450625466836570e+00
-9.026597806026781967e+00
-9.719744986586727364e+00
-9.719744986586727364e+00
-9.026597806026781967e+00
-9.026597806026781967e+00
-8.621132697918616472e+00
-8.621132697918616472e+00
-8.621132697918616472e+00
-9.026597806026781967e+00
-9.026597806026781967e+00
-9.719744986586727364e+00
-9.026597806026781967e+00
-7.927985517358671075e+00
-9.026597806026781967e+00
-5.402256873050416353e+00
-3.185956148653382947e+00
-8.621132697918616472e+00
-8.621132697918616472e+00
-9.026597806026781967e+00
-9.719744986586727364e+00
-9.719744986586727364e+00
-9.719744986586727364e+00
-9.026597806026781967e+00
-9.719744986586727364e+00
-8.621132697918616472e+00
-9.026597806026781967e+00
-8.621132697918616472e+00
-8.333450625466836570e+00
-9.719744986586727364e+00
-9.719744986586727364e+00
-9.026597806026781967e+00
-9.719744986586727364e+00
-9.026597806026781967e+00
-8.621132697918616472e+00
-9.026597806026781967e+00
-8.110307074152625972e+00
-9.026597806026781967e+00
-9.719744986586727364e+00
-9.719744986586727364e+00
-9.719744986586727364e+00
-9.026597806026781967e+00
-9.026597806026781967e+00
-9.026597806026781967e+00
-9.719744986586727364e+00
-9.719744986586727364e+00
-8.621132697918616472e+00
-9.719744986586727364e+00
-9.026597806026781967e+00
-8.621132697918616472e+00
-9.026597806026781967e+00
-8.621132697918616472e+00
-9.026597806026781967e+00
-7.927985517358671075e+00
-9.026597806026781967e+00
-8.621132697918616472e+00
-7.927985517358671075e+00
-9.719744986586727364e+00
-9.026597806026781967e+00
-9.719744986586727364e+00
-8.333450625466836570e+00
-9.026597806026781967e+00
-9.026597806026781967e+00
-9.026597806026781967e+00
-9.719744986586727364e+00
-9.026597806026781967e+00
-8.333450625466836570e+00
-8.110307074152625972e+00
-8.621132697918616472e+00
-9.719744986586727364e+00
-9.719744986586727364e+00
-9.026597806026781967e+00
-8.621132697918616472e+00
-9.719744986586727364e+00
-3.782208781504300177e+00
-9.026597806026781967e+00
-9.026597806026781967e+00
-8.621132697918616472e+00
-8.621132697918616472e+00
-9.719744986586727364e+00
-9.719744986586727364e+00
-8.621132697918616472e+00
-9.719744986586727364e+00
-8.621132697918616472e+00
-9.719744986586727364e+00
-9.026597806026781967e+00
-9.026597806026781967e+00
-9.026597806026781967e+00
-7.927985517358671075e+00
-9.719744986586727364e+00
-7.640303444906890284e+00
-9.719744986586727364e+00
-9.719744986586727364e+00
-9.026597806026781967e+00
-9.026597806026781967e+00
-8.110307074152625972e+00
-9.719744986586727364e+00
-9.719744986586727364e+00
-8.621132697918616472e+00
-9.719744986586727364e+00
-9.719744986586727364e+00
-9.026597806026781967e+00
-8.333450625466836570e+00
-9.719744986586727364e+00
-8.621132697918616472e+00
-9.026597806026781967e+00
-8.621132697918616472e+00
-5.288928187743413112e+00
-9.719744986586727364e+00
-9.026597806026781967e+00
-9.719744986586727364e+00
-9.026597806026781967e+00
-9.026597806026781967e+00
-9.026597806026781967e+00
-9.026597806026781967e+00
-9.719744986586727364e+00
-9.719744986586727364e+00
-9.719744986586727364e+00
-7.773834837531413022e+00
-9.719744986586727364e+00
-8.621132697918616472e+00
-9.026597806026781967e+00
-9.719744986586727364e+00
-7.321849713788355807e+00
-9.026597806026781967e+00
-9.026597806026781967e+00
-8.333450625466836570e+00
-8.333450625466836570e+00
-9.719744986586727364e+00
-9.026597806026781967e+00
-9.026597806026781967e+00
-9.719744986586727364e+00
-9.719744986586727364e+00
-9.026597806026781967e+00
-7.234838336798726566e+00
-9.026597806026781967e+00
-9.719744986586727364e+00
-8.621132697918616472e+00
-8.621132697918616472e+00
-9.026597806026781967e+00
-9.026597806026781967e+00
-9.719744986586727364e+00
-9.026597806026781967e+00
-6.584250770657576801e+00
-7.640303444906890284e+00
-9.719744986586727364e+00
-9.719744986586727364e+00
-8.621132697918616472e+00
-8.110307074152625972e+00
-9.026597806026781967e+00
-9.026597806026781967e+00
-9.719744986586727364e+00
-9.719744986586727364e+00
-9.026597806026781967e+00
-9.719744986586727364e+00
-9.719744986586727364e+00
-9.026597806026781967e+00
-9.719744986586727364e+00
-8.621132697918616472e+00
-9.026597806026781967e+00
-9.719744986586727364e+00
-9.719744986586727364e+00
-9.026597806026781967e+00
-8.333450625466836570e+00
-8.621132697918616472e+00
-9.026597806026781967e+00
-9.719744986586727364e+00
-9.719744986586727364e+00
-9.719744986586727364e+00
-8.621132697918616472e+00
-9.719744986586727364e+00
-9.026597806026781967e+00
-9.719744986586727364e+00
-8.621132697918616472e+00
-9.719744986586727364e+00
-4.094687859979441735e-01
-8.621132697918616472e+00
-9.026597806026781967e+00
-9.719744986586727364e+00
-8.621132697918616472e+00
-8.333450625466836570e+00
-8.333450625466836570e+00
-8.110307074152625972e+00
-9.719744986586727364e+00
-8.621132697918616472e+00
-9.026597806026781967e+00
-9.719744986586727364e+00
-9.719744986586727364e+00
-9.719744986586727364e+00
-9.026597806026781967e+00
-9.719744986586727364e+00
-9.719744986586727364e+00
-9.719744986586727364e+00
-9.719744986586727364e+00
-9.026597806026781967e+00
-9.719744986586727364e+00
-9.026597806026781967e+00
-9.719744986586727364e+00
-8.621132697918616472e+00
-9.026597806026781967e+00
-9.026597806026781967e+00
-9.719744986586727364e+00
-8.333450625466836570e+00
-8.110307074152625972e+00
-9.719744986586727364e+00
-9.719744986586727364e+00
-9.026597806026781967e+00
-8.621132697918616472e+00
-9.026597806026781967e+00
-8.333450625466836570e+00
-8.621132697918616472e+00
-9.719744986586727364e+00
-9.026597806026781967e+00
-9.026597806026781967e+00
-9.026597806026781967e+00
-8.333450625466836570e+00
-9.719744986586727364e+00
-9.026597806026781967e+00
-8.621132697918616472e+00
-9.719744986586727364e+00
-9.719744986586727364e+00
-8.333450625466836570e+00
-8.621132697918616472e+00
-9.026597806026781967e+00
-9.026597806026781967e+00
-8.621132697918616472e+00
-9.719744986586727364e+00
-8.621132697918616472e+00
-8.621132697918616472e+00
-8.621132697918616472e+00
-7.417159893592680575e+00
-8.621132697918616472e+00
-9.026597806026781967e+00
-9.026597806026781967e+00
-9.719744986586727364e+00
-9.026597806026781967e+00
-9.026597806026781967e+00
-8.333450625466836570e+00
-9.719744986586727364e+00
-8.621132697918616472e+00
-9.026597806026781967e+00
-9.026597806026781967e+00
-9.719744986586727364e+00
-9.026597806026781967e+00
-9.026597806026781967e+00
-9.719744986586727364e+00
-8.621132697918616472e+00
-9.026597806026781967e+00
-6.775306007420286214e+00
-9.719744986586727364e+00
-9.026597806026781967e+00
-9.719744986586727364e+00
-9.719744986586727364e+00
-9.026597806026781967e+00
-9.719744986586727364e+00
-9.719744986586727364e+00
-9.719744986586727364e+00
-8.333450625466836570e+00
-8.110307074152625972e+00
-8.621132697918616472e+00
-9.026597806026781967e+00
-9.026597806026781967e+00
-9.026597806026781967e+00
-9.719744986586727364e+00
-8.621132697918616472e+00
-9.026597806026781967e+00
-9.026597806026781967e+00
-8.621132697918616472e+00
-8.621132697918616472e+00
-9.719744986586727364e+00
-9.026597806026781967e+00
-8.621132697918616472e+00
-9.719744986586727364e+00
-9.026597806026781967e+00
-7.773834837531413022e+00
-9.719744986586727364e+00
-9.719744986586727364e+00
-9.026597806026781967e+00
-8.333450625466836570e+00
-9.026597806026781967e+00
-9.026597806026781967e+00
-9.719744986586727364e+00
-9.026597806026781967e+00
-9.026597806026781967e+00
-8.110307074152625972e+00
-8.621132697918616472e+00
-9.026597806026781967e+00
-9.026597806026781967e+00
-9.719744986586727364e+00
-9.026597806026781967e+00
-9.026597806026781967e+00
-7.927985517358671075e+00
-9.719744986586727364e+00
-9.026597806026781967e+00
-8.110307074152625972e+00
-9.026597806026781967e+00
-9.026597806026781967e+00
-7.927985517358671075e+00
-8.110307074152625972e+00
-9.026597806026781967e+00
-9.719744986586727364e+00
-9.026597806026781967e+00
-8.621132697918616472e+00
-9.719744986586727364e+00
-9.026597806026781967e+00
-8.621132697918616472e+00
-9.026597806026781967e+00
-9.719744986586727364e+00
-9.026597806026781967e+00
-9.719744986586727364e+00
-8.621132697918616472e+00
-9.026597806026781967e+00
-8.621132697918616472e+00
-9.719744986586727364e+00
-9.026597806026781967e+00
-9.026597806026781967e+00
-9.026597806026781967e+00
-9.719744986586727364e+00
-8.621132697918616472e+00
-9.719744986586727364e+00
-9.026597806026781967e+00
-8.621132697918616472e+00
-9.719744986586727364e+00
-9.719744986586727364e+00
-9.719744986586727364e+00
-9.719744986586727364e+00
-9.026597806026781967e+00
-8.621132697918616472e+00
-8.333450625466836570e+00
-8.621132697918616472e+00
-9.719744986586727364e+00
-9.026597806026781967e+00
-9.026597806026781967e+00
-9.719744986586727364e+00
-6.082158826860340817e+00
-9.719744986586727364e+00
-9.719744986586727364e+00
-9.719744986586727364e+00
-9.026597806026781967e+00
-9.719744986586727364e+00
-9.026597806026781967e+00
-8.333450625466836570e+00
-8.621132697918616472e+00
-9.719744986586727364e+00
-9.026597806026781967e+00
-9.719744986586727364e+00
-9.026597806026781967e+00
-9.026597806026781967e+00
-9.719744986586727364e+00
-9.719744986586727364e+00
-8.110307074152625972e+00
-9.026597806026781967e+00
-8.621132697918616472e+00
-9.719744986586727364e+00
-9.026597806026781967e+00
-9.026597806026781967e+00
-9.026597806026781967e+00
-9.719744986586727364e+00
-9.719744986586727364e+00
-9.026597806026781967e+00
-9.719744986586727364e+00
-9.026597806026781967e+00
-9.719744986586727364e+00
-8.110307074152625972e+00
-9.719744986586727364e+00
-9.026597806026781967e+00
-9.026597806026781967e+00
-9.026597806026781967e+00
-9.026597806026781967e+00
-9.026597806026781967e+00
-8.621132697918616472e+00
-7.773834837531413022e+00
-9.719744986586727364e+00
-9.719744986586727364e+00
-9.719744986586727364e+00
-9.719744986586727364e+00
-9.026597806026781967e+00
-8.621132697918616472e+00
-9.719744986586727364e+00
-9.719744986586727364e+00
-9.719744986586727364e+00
-9.719744986586727364e+00
-9.026597806026781967e+00
-9.026597806026781967e+00
-9.026597806026781967e+00
-9.719744986586727364e+00
-9.719744986586727364e+00
-8.621132697918616472e+00
-9.026597806026781967e+00
-9.719744986586727364e+00
-9.719744986586727364e+00
-9.719744986586727364e+00
-8.621132697918616472e+00
-9.026597806026781967e+00
-9.719744986586727364e+00
-8.333450625466836570e+00
-9.026597806026781967e+00
-8.621132697918616472e+00
-8.621132697918616472e+00
-9.026597806026781967e+00
-8.621132697918616472e+00
-9.719744986586727364e+00
-3.853276929653429494e+00
-8.621132697918616472e+00
-9.026597806026781967e+00
-9.719744986586727364e+00
-9.026597806026781967e+00
-8.333450625466836570e+00
-9.719744986586727364e+00
-8.621132697918616472e+00
-9.026597806026781967e+00
-9.026597806026781967e+00
-8.621132697918616472e+00
-8.621132697918616472e+00
-8.333450625466836570e+00
-8.621132697918616472e+00
-9.026597806026781967e+00
-8.621132697918616472e+00
-8.621132697918616472e+00
-9.719744986586727364e+00
-9.719744986586727364e+00
-9.026597806026781967e+00
-9.026597806026781967e+00
-9.719744986586727364e+00
-6.584250770657576801e+00
-7.234838336798726566e+00
-9.719744986586727364e+00
-9.026597806026781967e+00
-9.719744986586727364e+00
-8.621132697918616472e+00
-9.026597806026781967e+00
-9.719744986586727364e+00
-9.719744986586727364e+00
-9.719744986586727364e+00
-9.026597806026781967e+00
-8.621132697918616472e+00
-8.621132697918616472e+00
-9.719744986586727364e+00
-9.026597806026781967e+00
-8.621132697918616472e+00
-9.026597806026781967e+00
-9.719744986586727364e+00
-9.719744986586727364e+00
-9.026597806026781967e+00
-9.026597806026781967e+00
-9.719744986586727364e+00
-9.719744986586727364e+00
-8.110307074152625972e+00
-9.026597806026781967e+00
-8.621132697918616472e+00
-7.773834837531413022e+00
-9.719744986586727364e+00
-8.333450625466836570e+00
-9.026597806026781967e+00
-8.621132697918616472e+00
-9.026597806026781967e+00
-9.026597806026781967e+00
-9.719744986586727364e+00
-8.110307074152625972e+00
-8.621132697918616472e+00
-9.026597806026781967e+00
-9.026597806026781967e+00
-9.026597806026781967e+00
-9.026597806026781967e+00
-8.621132697918616472e+00
-8.333450625466836570e+00
-9.026597806026781967e+00
-9.719744986586727364e+00
-9.026597806026781967e+00
-9.719744986586727364e+00
-9.719744986586727364e+00
-9.719744986586727364e+00
-7.640303444906890284e+00
-9.719744986586727364e+00
-7.927985517358671075e+00
-9.719744986586727364e+00
-9.026597806026781967e+00
-9.719744986586727364e+00
-9.719744986586727364e+00
-9.719744986586727364e+00
-9.719744986586727364e+00
-9.719744986586727364e+00
-9.026597806026781967e+00
-9.026597806026781967e+00
-9.719744986586727364e+00
-9.026597806026781967e+00
-9.026597806026781967e+00
-8.110307074152625972e+00
-9.719744986586727364e+00
-9.026597806026781967e+00
-9.719744986586727364e+00
-9.719744986586727364e+00
-9.026597806026781967e+00
-9.719744986586727364e+00
-8.621132697918616472e+00
-9.026597806026781967e+00
-9.026597806026781967e+00
-9.026597806026781967e+00
-8.621132697918616472e+00
-9.026597806026781967e+00
-9.719744986586727364e+00
-9.026597806026781967e+00
-9.719744986586727364e+00
-9.719744986586727364e+00
-9.719744986586727364e+00
-9.026597806026781967e+00
-8.621132697918616472e+00
-7.640303444906890284e+00
-9.026597806026781967e+00
-9.026597806026781967e+00
-9.719744986586727364e+00
-9.026597806026781967e+00
-9.026597806026781967e+00
-9.026597806026781967e+00
-9.026597806026781967e+00
-9.719744986586727364e+00
-8.621132697918616472e+00
-9.719744986586727364e+00
-8.333450625466836570e+00
-9.026597806026781967e+00
-9.026597806026781967e+00
-9.026597806026781967e+00
-9.026597806026781967e+00
-9.719744986586727364e+00
-9.719744986586727364e+00
-9.026597806026781967e+00
-8.110307074152625972e+00
-8.110307074152625972e+00
-9.026597806026781967e+00
-9.026597806026781967e+00
-9.719744986586727364e+00
-9.719744986586727364e+00
-7.154795629125190182e+00
-7.773834837531413022e+00
-9.719744986586727364e+00
-9.719744986586727364e+00
-9.026597806026781967e+00
-6.500869161718525469e+00
-8.621132697918616472e+00
-9.719744986586727364e+00
-9.719744986586727364e+00
-9.719744986586727364e+00
-8.621132697918616472e+00
-9.719744986586727364e+00
-6.675222548863303906e+00
-8.621132697918616472e+00
-7.011694785484515968e+00
-9.026597806026781967e+00
-9.026597806026781967e+00
-8.333450625466836570e+00
-8.621132697918616472e+00
-8.333450625466836570e+00
-9.719744986586727364e+00
-8.333450625466836570e+00
-7.234838336798726566e+00
-9.719744986586727364e+00
-9.026597806026781967e+00
-8.333450625466836570e+00
-9.026597806026781967e+00
-9.026597806026781967e+00
-8.621132697918616472e+00
-8.621132697918616472e+00
-5.935555352668465012e+00
-9.026597806026781967e+00
-9.719744986586727364e+00
-9.026597806026781967e+00
-9.719744986586727364e+00
-9.026597806026781967e+00
-4.426440161862234213e+00
-9.719744986586727364e+00
-8.621132697918616472e+00
-9.026597806026781967e+00
-9.026597806026781967e+00
-9.026597806026781967e+00
-9.026597806026781967e+00
-9.026597806026781967e+00
-9.026597806026781967e+00
-8.110307074152625972e+00
-7.080687656971467625e+00
-9.026597806026781967e+00
-8.621132697918616472e+00
-9.026597806026781967e+00
-9.026597806026781967e+00
-8.110307074152625972e+00
-9.026597806026781967e+00
-8.621132697918616472e+00
-9.719744986586727364e+00
-9.719744986586727364e+00
-9.026597806026781967e+00
-9.026597806026781967e+00
-8.621132697918616472e+00
-9.026597806026781967e+00
-9.026597806026781967e+00
-7.522520409250507356e+00
-8.621132697918616472e+00
-9.719744986586727364e+00
-8.621132697918616472e+00
-9.026597806026781967e+00
-9.026597806026781967e+00
-9.026597806026781967e+00
-9.026597806026781967e+00
-9.719744986586727364e+00
-8.621132697918616472e+00
-9.719744986586727364e+00
-7.773834837531413022e+00
-8.333450625466836570e+00
-9.719744986586727364e+00
-9.026597806026781967e+00
-8.621132697918616472e+00
-9.719744986586727364e+00
-9.719744986586727364e+00
-9.026597806026781967e+00
-9.719744986586727364e+00
-9.026597806026781967e+00
-9.719744986586727364e+00
-9.026597806026781967e+00
-9.026597806026781967e+00
-9.719744986586727364e+00
-8.110307074152625972e+00
-9.026597806026781967e+00
-9.026597806026781967e+00
-9.026597806026781967e+00
-9.026597806026781967e+00
-9.719744986586727364e+00
-6.724012713032735178e+00
-9.719744986586727364e+00
-9.719744986586727364e+00
-9.026597806026781967e+00
-8.110307074152625972e+00
-8.110307074152625972e+00
-9.719744986586727364e+00
-9.026597806026781967e+00
-9.026597806026781967e+00
-9.719744986586727364e+00
-9.719744986586727364e+00
-9.719744986586727364e+00
-8.621132697918616472e+00
-9.026597806026781967e+00
-9.026597806026781967e+00
-8.621132697918616472e+00
-9.026597806026781967e+00
-9.026597806026781967e+00
-6.947156264346944887e+00
-9.026597806026781967e+00
-9.719744986586727364e+00
-8.621132697918616472e+00
-9.026597806026781967e+00
-8.621132697918616472e+00
-8.621132697918616472e+00
-8.621132697918616472e+00
-9.719744986586727364e+00
-8.621132697918616472e+00
-9.719744986586727364e+00
-7.080687656971467625e+00
-9.026597806026781967e+00
-8.110307074152625972e+00
-9.026597806026781967e+00
-8.621132697918616472e+00
-9.026597806026781967e+00
-8.110307074152625972e+00
-9.719744986586727364e+00
-9.719744986586727364e+00
-9.026597806026781967e+00
-8.621132697918616472e+00
-8.621132697918616472e+00
-9.719744986586727364e+00
-9.026597806026781967e+00
-9.026597806026781967e+00
-9.026597806026781967e+00
-9.719744986586727364e+00
-9.719744986586727364e+00
-8.621132697918616472e+00
-9.719744986586727364e+00
-9.719744986586727364e+00
-9.026597806026781967e+00
-9.026597806026781967e+00
-9.026597806026781967e+00
-9.026597806026781967e+00
-8.621132697918616472e+00
-9.026597806026781967e+00
-9.026597806026781967e+00
-9.719744986586727364e+00
-8.621132697918616472e+00
-9.719744986586727364e+00
-9.026597806026781967e+00
-8.621132697918616472e+00
-9.026597806026781967e+00
-9.026597806026781967e+00
-8.333450625466836570e+00
-9.026597806026781967e+00
-9.026597806026781967e+00
-7.080687656971467625e+00
-9.026597806026781967e+00
-9.719744986586727364e+00
-9.026597806026781967e+00
-9.719744986586727364e+00
-9.026597806026781967e+00
-9.719744986586727364e+00
-9.026597806026781967e+00
-7.773834837531413022e+00
-9.026597806026781967e+00
-8.621132697918616472e+00
-9.719744986586727364e+00
-9.026597806026781967e+00
-9.719744986586727364e+00
-9.719744986586727364e+00
-9.719744986586727364e+00
-9.026597806026781967e+00
-6.628702533228410410e+00
-9.719744986586727364e+00
-9.026597806026781967e+00
-9.026597806026781967e+00
-7.080687656971467625e+00
-9.719744986586727364e+00
-9.719744986586727364e+00
-9.026597806026781967e+00
-8.621132697918616472e+00
-9.719744986586727364e+00
-8.621132697918616472e+00
-9.719744986586727364e+00
-9.026597806026781967e+00
-9.719744986586727364e+00
-8.333450625466836570e+00
-8.621132697918616472e+00
-9.026597806026781967e+00
-9.026597806026781967e+00
-7.927985517358671075e+00
-9.026597806026781967e+00
-9.026597806026781967e+00
-9.026597806026781967e+00
-9.719744986586727364e+00
-9.719744986586727364e+00
-8.621132697918616472e+00
-9.026597806026781967e+00
-8.110307074152625972e+00
-9.026597806026781967e+00
-8.110307074152625972e+00
-8.333450625466836570e+00
-9.719744986586727364e+00
-8.621132697918616472e+00
-9.719744986586727364e+00
-9.719744986586727364e+00
-9.026597806026781967e+00
-9.026597806026781967e+00
-9.026597806026781967e+00
-9.719744986586727364e+00
-9.719744986586727364e+00
-9.719744986586727364e+00
-9.719744986586727364e+00
-9.719744986586727364e+00
-9.026597806026781967e+00
-9.026597806026781967e+00
-8.621132697918616472e+00
-8.621132697918616472e+00
-8.621132697918616472e+00
-9.026597806026781967e+00
-9.719744986586727364e+00
-9.719744986586727364e+00
-9.719744986586727364e+00
-9.026597806026781967e+00
-9.026597806026781967e+00
-7.080687656971467625e+00
-9.026597806026781967e+00
-9.719744986586727364e+00
-9.719744986586727364e+00
-9.719744986586727364e+00
-9.719744986586727364e+00
-9.026597806026781967e+00
-8.621132697918616472e+00
-8.621132697918616472e+00
-9.719744986586727364e+00
-9.719744986586727364e+00
-9.026597806026781967e+00
-9.026597806026781967e+00
-9.719744986586727364e+00
-9.719744986586727364e+00
-9.719744986586727364e+00
-9.719744986586727364e+00
-9.719744986586727364e+00
-9.026597806026781967e+00
-9.026597806026781967e+00
-9.719744986586727364e+00
-9.719744986586727364e+00
-9.026597806026781967e+00
-9.026597806026781967e+00
-9.719744986586727364e+00
-9.026597806026781967e+00
-9.719744986586727364e+00
-9.719744986586727364e+00
-6.886531642530510311e+00
-8.333450625466836570e+00
-9.719744986586727364e+00
-7.321849713788355807e+00
-9.719744986586727364e+00
-8.621132697918616472e+00
-8.621132697918616472e+00
-8.621132697918616472e+00
-9.719744986586727364e+00
-9.026597806026781967e+00
-9.719744986586727364e+00
-8.333450625466836570e+00
-9.719744986586727364e+00
-9.026597806026781967e+00
-7.522520409250507356e+00
-8.621132697918616472e+00
-9.026597806026781967e+00
-9.026597806026781967e+00
-9.719744986586727364e+00
-9.719744986586727364e+00
-9.719744986586727364e+00
-9.719744986586727364e+00
-9.026597806026781967e+00
-9.026597806026781967e+00
-9.719744986586727364e+00
-9.026597806026781967e+00
-9.719744986586727364e+00
-9.026597806026781967e+00
-9.026597806026781967e+00
-9.026597806026781967e+00
-9.026597806026781967e+00
-9.719744986586727364e+00
-9.719744986586727364e+00
-9.719744986586727364e+00
-8.333450625466836570e+00
-8.621132697918616472e+00
-8.621132697918616472e+00
-9.026597806026781967e+00
-9.026597806026781967e+00
-8.621132697918616472e+00
-7.927985517358671075e+00
-9.026597806026781967e+00
-9.026597806026781967e+00
-9.026597806026781967e+00
-8.621132697918616472e+00
-9.719744986586727364e+00
-9.719744986586727364e+00
-9.026597806026781967e+00
-9.026597806026781967e+00
-9.026597806026781967e+00
-9.719744986586727364e+00
-9.719744986586727364e+00
-9.026597806026781967e+00
-9.026597806026781967e+00
-9.719744986586727364e+00
-9.719744986586727364e+00
-9.026597806026781967e+00
-9.719744986586727364e+00
-5.471249744537367121e+00
-8.621132697918616472e+00
-9.719744986586727364e+00
-9.719744986586727364e+00
-9.719744986586727364e+00
-9.026597806026781967e+00
-8.110307074152625972e+00
-9.719744986586727364e+00
-9.026597806026781967e+00
-9.026597806026781967e+00
-9.026597806026781967e+00
-8.621132697918616472e+00
-9.026597806026781967e+00
-9.026597806026781967e+00
-7.011694785484515968e+00
-9.026597806026781967e+00
-9.719744986586727364e+00
-9.719744986586727364e+00
-9.719744986586727364e+00
-9.026597806026781967e+00
-9.719744986586727364e+00
-9.719744986586727364e+00
-9.719744986586727364e+00
-8.621132697918616472e+00
-9.026597806026781967e+00
-9.026597806026781967e+00
-9.026597806026781967e+00
-9.026597806026781967e+00
-9.026597806026781967e+00
-9.719744986586727364e+00
-7.773834837531413022e+00
-9.719744986586727364e+00
-9.719744986586727364e+00
-9.026597806026781967e+00
-9.026597806026781967e+00
-8.621132697918616472e+00
-8.333450625466836570e+00
-8.621132697918616472e+00
-9.026597806026781967e+00
-9.719744986586727364e+00
-9.026597806026781967e+00
-8.621132697918616472e+00
-9.026597806026781967e+00
-9.719744986586727364e+00
-9.026597806026781967e+00
-7.927985517358671075e+00
-9.719744986586727364e+00
-8.333450625466836570e+00
-9.719744986586727364e+00
-8.621132697918616472e+00
-9.719744986586727364e+00
-9.026597806026781967e+00
-9.719744986586727364e+00
-9.719744986586727364e+00
-7.773834837531413022e+00
-9.026597806026781967e+00
-7.927985517358671075e+00
-8.621132697918616472e+00
-8.621132697918616472e+00
-9.719744986586727364e+00
-9.026597806026781967e+00
-9.719744986586727364e+00
-9.026597806026781967e+00
-9.026597806026781967e+00
-9.719744986586727364e+00
-9.719744986586727364e+00
-9.026597806026781967e+00
-9.026597806026781967e+00
-9.026597806026781967e+00
-9.719744986586727364e+00
-9.026597806026781967e+00
-8.621132697918616472e+00
-9.719744986586727364e+00
-8.333450625466836570e+00
-6.947156264346944887e+00
-9.719744986586727364e+00
-9.026597806026781967e+00
-9.719744986586727364e+00
-9.719744986586727364e+00
-9.719744986586727364e+00
-8.621132697918616472e+00
-9.719744986586727364e+00
-9.026597806026781967e+00
-9.026597806026781967e+00
-8.621132697918616472e+00
-8.110307074152625972e+00
-8.621132697918616472e+00
-8.621132697918616472e+00
-9.026597806026781967e+00
-7.773834837531413022e+00
-8.110307074152625972e+00
-9.719744986586727364e+00
-9.719744986586727364e+00
-9.026597806026781967e+00
-8.333450625466836570e+00
-9.719744986586727364e+00
-7.773834837531413022e+00
-7.640303444906890284e+00
-8.621132697918616472e+00
-9.026597806026781967e+00
-9.026597806026781967e+00
-9.026597806026781967e+00
-8.621132697918616472e+00
-9.719744986586727364e+00
-9.719744986586727364e+00
-9.719744986586727364e+00
-9.026597806026781967e+00
-7.773834837531413022e+00
-9.719744986586727364e+00
-9.719744986586727364e+00
-9.026597806026781967e+00
-7.773834837531413022e+00
-8.333450625466836570e+00
-8.621132697918616472e+00
-9.026597806026781967e+00
-9.719744986586727364e+00
-9.026597806026781967e+00
-9.719744986586727364e+00
-9.026597806026781967e+00
-9.719744986586727364e+00
-8.621132697918616472e+00
-9.026597806026781967e+00
-7.927985517358671075e+00
-8.333450625466836570e+00
-9.719744986586727364e+00
-9.026597806026781967e+00
-9.719744986586727364e+00
-9.026597806026781967e+00
-7.234838336798726566e+00
-9.026597806026781967e+00
-9.719744986586727364e+00
-9.719744986586727364e+00
-9.719744986586727364e+00
-9.719744986586727364e+00
-8.333450625466836570e+00
-9.719744986586727364e+00
-9.719744986586727364e+00
-9.026597806026781967e+00
-8.621132697918616472e+00
-9.719744986586727364e+00
-8.621132697918616472e+00
-8.621132697918616472e+00
-8.621132697918616472e+00
-7.417159893592680575e+00
-9.026597806026781967e+00
-9.719744986586727364e+00
-9.719744986586727364e+00
-8.621132697918616472e+00
-9.026597806026781967e+00
-9.026597806026781967e+00
-6.584250770657576801e+00
-9.719744986586727364e+00
-9.719744986586727364e+00
-9.719744986586727364e+00
-8.621132697918616472e+00
-9.026597806026781967e+00
-9.719744986586727364e+00
-7.773834837531413022e+00
-9.719744986586727364e+00
-9.026597806026781967e+00
-8.333450625466836570e+00
-9.026597806026781967e+00
-9.026597806026781967e+00
-8.621132697918616472e+00
-9.026597806026781967e+00
-9.026597806026781967e+00
-9.026597806026781967e+00
-8.621132697918616472e+00
-8.110307074152625972e+00
-9.026597806026781967e+00
-9.026597806026781967e+00
-8.621132697918616472e+00
-8.621132697918616472e+00
-9.026597806026781967e+00
-9.719744986586727364e+00
-9.719744986586727364e+00
-9.026597806026781967e+00
-8.621132697918616472e+00
-9.026597806026781967e+00
-9.719744986586727364e+00
-8.621132697918616472e+00
-9.719744986586727364e+00
-9.026597806026781967e+00
-6.947156264346944887e+00
-5.530090244560301294e+00
-9.026597806026781967e+00
-7.927985517358671075e+00
-9.026597806026781967e+00
-9.026597806026781967e+00
-9.719744986586727364e+00
-9.026597806026781967e+00
-7.927985517358671075e+00
-9.026597806026781967e+00
-9.719744986586727364e+00
-9.026597806026781967e+00
-9.026597806026781967e+00
-9.719744986586727364e+00
-8.621132697918616472e+00
-9.026597806026781967e+00
-9.719744986586727364e+00
-9.026597806026781967e+00
-9.719744986586727364e+00
-9.026597806026781967e+00
-8.621132697918616472e+00
-9.719744986586727364e+00
-9.026597806026781967e+00
-9.026597806026781967e+00
-9.026597806026781967e+00
-9.719744986586727364e+00
-9.026597806026781967e+00
-9.719744986586727364e+00
-9.026597806026781967e+00
-9.026597806026781967e+00
-9.719744986586727364e+00
-9.719744986586727364e+00
-9.719744986586727364e+00
-9.026597806026781967e+00
-6.775306007420286214e+00
-9.026597806026781967e+00
-7.154795629125190182e+00
-9.026597806026781967e+00
-7.417159893592680575e+00
-9.719744986586727364e+00
-9.719744986586727364e+00
-9.026597806026781967e+00
-8.621132697918616472e+00
-9.026597806026781967e+00
-7.773834837531413022e+00
-8.621132697918616472e+00
-9.719744986586727364e+00
-7.640303444906890284e+00
-7.773834837531413022e+00
-9.719744986586727364e+00
-8.333450625466836570e+00
-6.628702533228410410e+00
-6.775306007420286214e+00
-7.773834837531413022e+00
-9.719744986586727364e+00
-8.621132697918616472e+00
-9.026597806026781967e+00
-9.719744986586727364e+00
-9.026597806026781967e+00
-9.026597806026781967e+00
-8.333450625466836570e+00
-8.621132697918616472e+00
-9.719744986586727364e+00
-7.927985517358671075e+00
-9.719744986586727364e+00
-9.026597806026781967e+00
-9.026597806026781967e+00
-9.026597806026781967e+00
-9.026597806026781967e+00
-9.026597806026781967e+00
-8.621132697918616472e+00
-9.026597806026781967e+00
-9.026597806026781967e+00
-7.154795629125190182e+00
-8.621132697918616472e+00
-9.026597806026781967e+00
-9.026597806026781967e+00
-5.935555352668465012e+00
-9.026597806026781967e+00
-9.719744986586727364e+00
-8.333450625466836570e+00
-5.337718351912844383e+00
-9.026597806026781967e+00
-9.026597806026781967e+00
-9.026597806026781967e+00
-9.719744986586727364e+00
-9.026597806026781967e+00
-9.719744986586727364e+00
-9.026597806026781967e+00
-9.026597806026781967e+00
-9.026597806026781967e+00
-8.621132697918616472e+00
-9.026597806026781967e+00
-9.026597806026781967e+00
-8.621132697918616472e+00
-8.621132697918616472e+00
-8.621132697918616472e+00
-8.621132697918616472e+00
-9.719744986586727364e+00
-8.621132697918616472e+00
-8.621132697918616472e+00
-9.026597806026781967e+00
-9.026597806026781967e+00
-9.719744986586727364e+00
-9.719744986586727364e+00
-9.026597806026781967e+00
-8.333450625466836570e+00
-9.719744986586727364e+00
-9.719744986586727364e+00
-9.026597806026781967e+00
-9.026597806026781967e+00
-8.621132697918616472e+00
-9.026597806026781967e+00
-9.719744986586727364e+00
-9.026597806026781967e+00
-9.719744986586727364e+00
-9.026597806026781967e+00
-8.621132697918616472e+00
-8.621132697918616472e+00
-9.026597806026781967e+00
-8.621132697918616472e+00
-9.026597806026781967e+00
-9.026597806026781967e+00
-9.719744986586727364e+00
-9.026597806026781967e+00
-9.026597806026781967e+00
-9.719744986586727364e+00
-9.719744986586727364e+00
-8.621132697918616472e+00
-9.026597806026781967e+00
-4.957571051788970173e+00
-9.719744986586727364e+00
-9.719744986586727364e+00
-9.026597806026781967e+00
-9.719744986586727364e+00
-9.719744986586727364e+00
-9.719744986586727364e+00
-9.026597806026781967e+00
-8.621132697918616472e+00
-9.026597806026781967e+00
-9.026597806026781967e+00
-8.333450625466836570e+00
-9.026597806026781967e+00
-9.719744986586727364e+00
-9.719744986586727364e+00
-8.333450625466836570e+00
-9.026597806026781967e+00
-9.026597806026781967e+00
-9.719744986586727364e+00
-9.026597806026781967e+00
-9.026597806026781967e+00
-8.621132697918616472e+00
-8.621132697918616472e+00
-9.719744986586727364e+00
-8.621132697918616472e+00
-9.026597806026781967e+00
-9.719744986586727364e+00
-9.719744986586727364e+00
-9.719744986586727364e+00
-8.621132697918616472e+00
-9.719744986586727364e+00
-9.026597806026781967e+00
-9.719744986586727364e+00
-8.621132697918616472e+00
-9.026597806026781967e+00
-8.621132697918616472e+00
-8.333450625466836570e+00
-9.026597806026781967e+00
-9.719744986586727364e+00
-9.026597806026781967e+00
-9.026597806026781967e+00
-9.026597806026781967e+00
-9.719744986586727364e+00
-8.621132697918616472e+00
-9.719744986586727364e+00
-9.026597806026781967e+00
-8.621132697918616472e+00
-8.333450625466836570e+00
-7.640303444906890284e+00
-9.719744986586727364e+00
-8.621132697918616472e+00
-8.621132697918616472e+00
-9.026597806026781967e+00
-8.110307074152625972e+00
-8.621132697918616472e+00
-9.719744986586727364e+00
-9.026597806026781967e+00
-9.719744986586727364e+00
-8.621132697918616472e+00
-8.621132697918616472e+00
-9.719744986586727364e+00
-7.640303444906890284e+00
-9.719744986586727364e+00
-9.719744986586727364e+00
-9.026597806026781967e+00
-9.026597806026781967e+00
-8.621132697918616472e+00
-9.719744986586727364e+00
-9.719744986586727364e+00
-9.719744986586727364e+00
-9.719744986586727364e+00
-9.026597806026781967e+00
-9.026597806026781967e+00
-9.719744986586727364e+00
-9.719744986586727364e+00
-9.026597806026781967e+00
-8.333450625466836570e+00
-9.026597806026781967e+00
-9.026597806026781967e+00
-9.719744986586727364e+00
-9.026597806026781967e+00
-9.719744986586727364e+00
-8.333450625466836570e+00
-9.026597806026781967e+00
-8.333450625466836570e+00
-9.719744986586727364e+00
-8.621132697918616472e+00
-9.026597806026781967e+00
-8.333450625466836570e+00
-9.719744986586727364e+00
-9.719744986586727364e+00
-9.026597806026781967e+00
-9.026597806026781967e+00
-9.026597806026781967e+00
-8.110307074152625972e+00
-8.621132697918616472e+00
-8.621132697918616472e+00
-8.621132697918616472e+00
-8.333450625466836570e+00
-9.026597806026781967e+00
-9.719744986586727364e+00
-9.026597806026781967e+00
-9.026597806026781967e+00
-9.026597806026781967e+00
-9.026597806026781967e+00
-9.719744986586727364e+00
-9.719744986586727364e+00
-8.621132697918616472e+00
-9.719744986586727364e+00
-9.719744986586727364e+00
-9.719744986586727364e+00
-9.719744986586727364e+00
-7.321849713788355807e+00
-9.719744986586727364e+00
-9.719744986586727364e+00
-8.621132697918616472e+00
-8.333450625466836570e+00
-8.621132697918616472e+00
-9.026597806026781967e+00
-9.026597806026781967e+00
-9.026597806026781967e+00
-9.026597806026781967e+00
-9.026597806026781967e+00
-9.719744986586727364e+00
-9.026597806026781967e+00
-9.026597806026781967e+00
-9.026597806026781967e+00
-8.621132697918616472e+00
-5.389011646300395419e+00
-9.719744986586727364e+00
-8.621132697918616472e+00
-9.719744986586727364e+00
-8.621132697918616472e+00
-8.333450625466836570e+00
-9.026597806026781967e+00
-9.026597806026781967e+00
-9.026597806026781967e+00
-9.026597806026781967e+00
-9.026597806026781967e+00
-9.026597806026781967e+00
-8.621132697918616472e+00
-9.719744986586727364e+00
-8.621132697918616472e+00
-9.719744986586727364e+00
-9.719744986586727364e+00
-8.621132697918616472e+00
-9.026597806026781967e+00
-9.026597806026781967e+00
-9.026597806026781967e+00
-6.285757782101580204e+00
-9.026597806026781967e+00
-8.621132697918616472e+00
-9.026597806026781967e+00
-9.026597806026781967e+00
-9.026597806026781967e+00
-9.026597806026781967e+00
-6.254009083786999490e+00
-8.621132697918616472e+00
-8.621132697918616472e+00
-9.026597806026781967e+00
-9.719744986586727364e+00
-9.026597806026781967e+00
-9.026597806026781967e+00
-9.719744986586727364e+00
-9.719744986586727364e+00
-9.719744986586727364e+00
-9.719744986586727364e+00
-9.719744986586727364e+00
-8.621132697918616472e+00
-9.026597806026781967e+00
-9.719744986586727364e+00
-9.026597806026781967e+00
-7.417159893592680575e+00
-9.026597806026781967e+00
-9.026597806026781967e+00
-8.621132697918616472e+00
-6.724012713032735178e+00
-8.621132697918616472e+00
-7.234838336798726566e+00
-6.193384461970564914e+00
-9.719744986586727364e+00
-9.719744986586727364e+00
-9.026597806026781967e+00
-9.026597806026781967e+00
-9.719744986586727364e+00
-9.719744986586727364e+00
-7.927985517358671075e+00
-9.719744986586727364e+00
-9.026597806026781967e+00
-9.026597806026781967e+00
-8.621132697918616472e+00
-9.026597806026781967e+00
-9.719744986586727364e+00
-7.522520409250507356e+00
-9.719744986586727364e+00
-8.333450625466836570e+00
-9.026597806026781967e+00
-9.026597806026781967e+00
-8.621132697918616472e+00
-8.333450625466836570e+00
-9.719744986586727364e+00
-7.927985517358671075e+00
-9.026597806026781967e+00
-9.026597806026781967e+00
-8.621132697918616472e+00
-8.621132697918616472e+00
-9.719744986586727364e+00
-9.719744986586727364e+00
-8.110307074152625972e+00
-7.640303444906890284e+00
-8.621132697918616472e+00
-9.026597806026781967e+00
-9.026597806026781967e+00
-7.927985517358671075e+00
-8.621132697918616472e+00
-9.026597806026781967e+00
-9.719744986586727364e+00
-9.719744986586727364e+00
-9.719744986586727364e+00
-9.026597806026781967e+00
-9.026597806026781967e+00
-9.719744986586727364e+00
-9.026597806026781967e+00
-9.719744986586727364e+00
-9.026597806026781967e+00
-9.026597806026781967e+00
-9.719744986586727364e+00
-7.640303444906890284e+00
-6.947156264346944887e+00
-9.719744986586727364e+00
-9.026597806026781967e+00
-9.719744986586727364e+00
-9.026597806026781967e+00
-9.026597806026781967e+00
-9.026597806026781967e+00
-9.026597806026781967e+00
-9.719744986586727364e+00
-7.927985517358671075e+00
-9.719744986586727364e+00
-9.026597806026781967e+00
-9.719744986586727364e+00
-9.026597806026781967e+00
-9.719744986586727364e+00
-9.026597806026781967e+00
-8.621132697918616472e+00
-9.026597806026781967e+00
-9.026597806026781967e+00
-8.110307074152625972e+00
-9.026597806026781967e+00
-9.026597806026781967e+00
-9.026597806026781967e+00
-9.719744986586727364e+00
-8.333450625466836570e+00
-8.621132697918616472e+00
-8.621132697918616472e+00
-9.026597806026781967e+00
-9.719744986586727364e+00
-9.026597806026781967e+00
-9.026597806026781967e+00
-9.026597806026781967e+00
-8.621132697918616472e+00
-9.026597806026781967e+00
-8.621132697918616472e+00
-9.026597806026781967e+00
-9.719744986586727364e+00
-8.621132697918616472e+00
-8.621132697918616472e+00
-9.026597806026781967e+00
-9.719744986586727364e+00
-9.026597806026781967e+00
-9.719744986586727364e+00
-9.026597806026781967e+00
-9.719744986586727364e+00
-9.719744986586727364e+00
-9.026597806026781967e+00
-9.026597806026781967e+00
